subreddit,group_id,.,!,?,ELLIPSIS,MULTI_QUEST,MULTI_EXCL,QUEST-EXCL,EXCL-QUEST
AskReddit,0,47.92135981978292,1.8431292238378045,2.4575056317837394,1.2287528158918697,0.0,0.2047921359819783,0.0,0.0
AskReddit,1,59.47231833910035,3.2439446366782003,3.027681660899654,2.162629757785467,0.0,0.21626297577854672,0.0,0.0
AskReddit,2,53.72290292177191,0.0,9.425070688030159,2.199183160540371,1.885014137606032,0.0,0.0,0.0
AskReddit,3,58.56,4.8,3.8400000000000003,1.9200000000000002,0.0,0.64,0.0,0.0
AskReddit,4,52.666519141402965,0.8851515822084532,1.9915910599690199,1.3277273733126798,0.0,0.0,0.0,0.0
AskReddit,5,57.389694538722615,1.8512804689910523,0.617093489663684,0.617093489663684,0.0,0.0,0.0,0.0
AskReddit,6,58.51943755169561,1.6542597187758479,1.2406947890818858,0.6203473945409429,0.0,0.0,0.0,0.0
AskReddit,7,46.88803604204906,2.1691973969631237,1.6686133822793259,0.6674453529117303,0.0,0.1668613382279326,0.1668613382279326,0.0
AskReddit,8,56.52925203653419,1.9748210318439892,2.7153789187854853,1.4811157738829919,0.0,0.0,0.0,0.0
AskReddit,9,50.81341634866439,0.4016870857601928,0.6025306286402893,0.2008435428800964,0.0,0.0,0.0,0.0
AskReddit,10,50.384513391673295,0.7955449482895784,0.5303632988597189,1.0607265977194378,0.0,0.0,0.0,0.0
AskReddit,11,60.286801287679246,1.170617500731636,2.341235001463272,1.4632718759145449,0.0,0.0,0.0,0.0
AskReddit,12,49.00124843945069,0.6242197253433208,0.6242197253433208,0.6242197253433208,0.0,0.0,0.0,0.0
AskReddit,13,59.20745920745921,1.3986013986013985,3.7296037296037294,2.797202797202797,0.0,0.0,0.0,0.0
AskReddit,14,50.93422062963911,2.303557716918352,7.678525723061172,5.886869721013565,0.2559508574353724,0.2559508574353724,0.0,0.0
AskReddit,15,48.64736592311343,0.7119126720455624,0.9492168960607499,1.6611295681063123,0.0,0.0,0.0,0.0
AskReddit,16,49.087099670757254,2.095181083507932,1.7958695001496556,1.197246333433104,0.0,0.0,0.0,0.0
AskReddit,17,43.19526627218935,5.325443786982248,2.1696252465483234,1.9723865877712032,0.0,0.1972386587771203,0.0,0.0
AskReddit,18,52.61759234653202,2.6574541589157588,1.0629816635663034,2.3917087430241826,0.0,0.26574541589157585,0.0,0.0
AskReddit,19,50.37365070578466,0.8303349017437033,1.937448104068641,0.2767783005812344,0.0,0.0,0.0,0.0
AskReddit,20,51.59235668789809,0.1592356687898089,1.4331210191082802,2.0700636942675157,0.0,0.0,0.0,0.0
AskReddit,21,52.07347093353532,1.8935807612194662,4.355235750804772,5.870100359780345,0.0,0.1893580761219466,0.1893580761219466,0.0
AskReddit,22,48.98183819482664,3.118693817648138,2.384883507613282,2.017978352595854,0.183452577508714,0.0,0.366905155017428,0.366905155017428
AskReddit,23,52.91548933984074,2.8255843822245055,3.5961983046493704,2.0549704597996405,0.0,0.7706139224248651,0.0,0.0
AskReddit,24,47.886335730573585,5.086826872478512,1.0524469391334854,1.0524469391334854,0.0,1.0524469391334854,0.0,0.0
AskReddit,25,55.77504066930049,2.788752033465024,2.5563560306762723,1.8591680223100162,0.0,0.0,0.0,0.0
AskReddit,26,59.13272010512484,0.8760402978537013,0.8760402978537013,3.0661410424879545,0.0,0.43802014892685065,0.0,0.0
AskReddit,27,47.51232631107127,0.22411474675033619,0.0,1.344688480502017,0.0,0.0,0.0,0.0
AskReddit,28,48.64472410454986,0.484027105517909,2.904162633107454,1.6940948693126814,0.0,0.0,0.0,0.0
AskReddit,29,49.25988837660762,0.48531909730647904,1.455957291919437,1.455957291919437,0.0,0.0,0.0,0.0
AskReddit,30,51.941974730931214,0.7019185774450163,0.9358914365933553,0.9358914365933553,0.0,0.0,0.0,0.0
AskReddit,31,40.60017652250662,0.2942041776993233,4.1188584877905265,0.5884083553986466,0.0,0.0,0.0,0.0
AskReddit,32,42.87826515524889,0.9857072449482505,1.971414489896501,4.435682602267127,0.0,0.0,0.0,0.0
AskReddit,33,55.06391347099312,0.7374631268436578,2.4582104228121926,1.4749262536873156,0.0,0.0,0.0,0.0
AskReddit,34,56.82798275035937,1.5333013895543843,3.2582654528030663,3.1624341159559175,0.09583133684714902,0.19166267369429804,0.0,0.0
AskReddit,35,46.464130712279804,4.850651008424815,3.5741639009446007,4.340056165432729,0.0,0.2552974214960429,0.0,0.0
AskReddit,36,42.65593561368209,0.40241448692152915,1.006036217303823,0.8048289738430583,0.0,0.0,0.0,0.0
AskReddit,37,48.277732573908324,2.7122321670735015,4.6107946840249525,4.882017900732302,0.0,0.0,0.0,0.0
AskReddit,38,58.27729747038104,0.6404098623118796,1.1207172590457894,2.4015369836695486,0.0,0.1601024655779699,0.0,0.0
AskReddit,39,53.64372469635627,1.2651821862348178,1.2651821862348178,3.0364372469635628,0.0,0.25303643724696356,0.0,0.0
AskReddit,40,47.14747039827772,1.7222820236813778,0.8611410118406889,1.93756727664155,0.0,0.0,0.0,0.0
AskReddit,41,51.13728020648492,0.6452653653815131,1.9357960961445395,1.129214389417648,0.0,0.0,0.0,0.0
AskReddit,42,56.7394778902504,1.3319126265316996,1.0655301012253595,3.462972828982419,0.0,0.0,0.0,0.0
AskReddit,43,56.35624538063563,1.1086474501108647,1.1086474501108647,1.6629711751662972,0.0,0.18477457501847747,0.0,0.0
AskReddit,44,59.117235869782306,1.597763131615738,1.597763131615738,2.1969243059716397,0.19972039145196724,0.0,0.0,0.0
AskReddit,45,57.41626794258374,1.3670539986329462,2.050580997949419,3.417634996582365,0.0,0.0,0.0,0.0
AskReddit,46,57.19369598373157,1.2709710218607015,3.8129130655821046,2.0335536349771224,0.0,0.0,0.0,0.0
AskReddit,47,44.82425024185747,4.19219606578523,2.579812963560142,2.9022895840051595,0.32247662044501774,0.32247662044501774,0.0,0.0
AskReddit,48,47.13354504429216,5.515627611566104,1.8385425371887014,2.0056827678422193,0.16714023065351832,1.169981614574628,0.0,0.0
AskReddit,49,57.41374769554912,2.6336581511719777,3.1603897814063737,0.7900974453515934,0.2633658151171978,0.2633658151171978,0.0,0.0
AskReddit,50,44.60518384569018,2.6120152702431185,2.210166767128792,0.20092425155716295,0.0,0.0,0.0,0.0
AskReddit,51,53.83734249713631,0.7636502481863306,1.1454753722794961,0.3818251240931653,0.0,0.3818251240931653,0.0,0.0
AskReddit,52,52.39110569600975,1.5229972586049345,4.568991775814804,2.741395065488882,0.3045994517209869,0.0,0.0,0.0
AskReddit,53,54.68561792339195,1.6863406408094435,3.372681281618887,0.963623223319682,0.0,0.0,0.0,0.0
AskReddit,54,56.01317957166392,1.2355848434925865,4.118616144975288,1.441515650741351,0.0,0.20593080724876442,0.0,0.0
AskReddit,55,52.771450265755504,0.7593014426727411,1.8982536066818527,2.6575550493545936,0.0,0.0,0.0,0.0
AskReddit,56,52.94117647058823,1.3071895424836601,2.396514161220044,1.3071895424836601,0.0,0.0,0.0,0.0
AskReddit,57,49.77897366903709,4.2283298097251585,1.537574476263694,0.5765904285988853,0.19219680953296175,0.5765904285988853,0.0,0.0
AskReddit,58,49.69207899766405,1.9112338076024635,1.9112338076024635,2.1235931195582927,0.0,0.21235931195582927,0.0,0.0
AskReddit,59,63.61380554928942,2.932551319648094,0.6767426122264832,2.4813895781637716,0.0,0.22558087074216107,0.0,0.0
AskReddit,60,52.86911669890394,1.1283043197936815,1.1283043197936815,0.3223726627981947,0.0,0.16118633139909735,0.0,0.0
AskReddit,61,50.84745762711865,1.5889830508474578,3.1779661016949157,0.3531073446327684,0.0,0.0,0.0,0.0
AskReddit,62,47.56717501815541,1.270878721859114,1.4524328249818446,0.5446623093681918,0.0,0.0,0.0,0.0
AskReddit,63,52.55544840887175,1.2857602057216329,1.2857602057216329,3.3751205400192865,0.0,0.1607200257152041,0.0,0.0
AskReddit,64,51.30751406818934,1.9860973187686195,0.9930486593843098,1.9860973187686195,0.0,0.0,0.0,0.0
AskReddit,65,54.99116607773852,1.7667844522968197,1.7667844522968197,1.325088339222615,0.0,0.0,0.0,0.0
AskReddit,66,52.00853871531147,0.19406171162429653,1.7465554046186686,1.7465554046186686,0.0,0.0,0.0,0.0
AskReddit,67,40.97560975609756,3.252032520325203,3.5772357723577235,1.6260162601626016,0.0,0.3252032520325203,0.0,0.0
AskReddit,68,51.60112825618052,1.327360212377634,2.3228803716608595,2.9865604778496766,0.0,0.16592002654720425,0.0,0.0
AskReddit,69,48.76681614349776,1.681614349775785,2.522421524663677,1.681614349775785,0.0,0.2802690582959641,0.0,0.0
AskReddit,70,50.20377917747314,1.852537977028529,3.149314560948499,3.705075954057058,0.0,0.0,0.0,0.0
AskReddit,71,47.1737323358271,1.6625103906899419,0.6234413965087282,0.41562759767248547,0.0,0.41562759767248547,0.0,0.0
AskReddit,72,48.92966360856269,2.338550098938658,0.8994423457456378,2.1586616297895307,0.0,0.3597769382982551,0.0,0.0
AskReddit,73,49.54227248249865,4.667025668641177,1.795009872554299,0.8975049362771494,0.3590019745108598,0.8975049362771494,0.0,0.0
AskReddit,74,48.89515749882464,4.701457451810061,4.701457451810061,3.291020216267043,0.0,0.9402914903620122,0.0,0.0
leagueoflegends,0,34.98349834983498,1.6501650165016502,2.31023102310231,2.31023102310231,0.0,0.0,0.0,0.0
leagueoflegends,1,40.35874439461883,1.2812299807815501,1.2812299807815501,0.32030749519538754,0.0,0.0,0.0,0.0
leagueoflegends,2,48.475945648182154,0.7344840249724568,2.5706940874035986,0.0,0.0,0.0,0.0,0.0
leagueoflegends,3,47.51525719267654,0.0,5.6669572798605055,0.0,0.0,0.0,0.0,0.0
leagueoflegends,4,42.59694477085781,0.2937720329024677,1.7626321974148063,0.5875440658049353,0.0,0.0,0.0,0.0
leagueoflegends,5,41.94857916102842,0.6765899864682003,5.751014884979702,0.6765899864682003,0.33829499323410017,0.0,0.0,0.0
leagueoflegends,6,40.24205748865355,0.302571860816944,1.210287443267776,0.0,0.0,0.0,0.0,0.0
leagueoflegends,7,44.69419759539989,0.5227391531625718,1.5682174594877156,0.5227391531625718,0.0,0.0,0.0,0.0
leagueoflegends,8,42.79219042524739,0.8023535704733886,4.011767852366943,0.8023535704733886,0.0,0.0,0.0,0.0
leagueoflegends,9,45.17006802721089,0.27210884353741494,2.1768707482993195,1.0884353741496597,0.0,0.0,0.0,0.0
leagueoflegends,10,49.800796812749,0.8537279453614115,2.5611838360842345,0.8537279453614115,0.0,0.0,0.0,0.0
leagueoflegends,11,41.10738255033557,0.8389261744966443,4.194630872483222,0.8389261744966443,0.0,0.0,0.0,0.0
leagueoflegends,12,42.72445820433437,0.9287925696594427,0.30959752321981426,0.30959752321981426,0.0,0.0,0.0,0.0
leagueoflegends,13,47.56898817345598,1.0512483574244416,1.314060446780552,1.0512483574244416,0.0,0.0,0.0,0.0
leagueoflegends,14,41.886945912972756,3.8633590890605936,5.490036600244001,2.2366815778771856,0.0,0.203334688897926,0.0,0.0
leagueoflegends,15,45.44344001954557,1.221597849987784,2.9318348399706813,1.221597849987784,0.0,0.0,0.0,0.0
leagueoflegends,16,44.14732593340061,1.0090817356205852,3.7840565085771947,0.5045408678102926,0.0,0.0,0.0,0.0
leagueoflegends,17,50.71486377124359,2.697599136768276,2.427839223091449,1.348799568384138,0.2697599136768276,0.2697599136768276,0.0,0.0
leagueoflegends,18,42.732166890982505,0.0,2.6917900403768504,2.018842530282638,0.0,0.0,0.0,0.0
leagueoflegends,19,44.44444444444444,0.3472222222222222,1.736111111111111,0.3472222222222222,0.0,0.0,0.0,0.0
leagueoflegends,20,45.16560722649716,0.33456005352960855,5.018400802944129,0.0,0.0,0.0,0.0,0.0
leagueoflegends,21,47.310434219053796,0.0,3.240440699935191,0.6480881399870383,0.0,0.0,0.0,0.0
leagueoflegends,22,42.10104250200481,0.40096230954290296,2.0048115477145148,1.202886928628709,0.0,0.0,0.0,0.0
leagueoflegends,23,46.201688138605064,0.888494002665482,3.553976010661928,0.0,0.0,0.0,0.0,0.0
leagueoflegends,24,48.249027237354085,1.0376134889753568,1.0376134889753568,1.8158236057068742,0.0,0.2594033722438392,0.0,0.0
leagueoflegends,25,46.055854973052426,0.9799118079372856,2.939735423811857,0.9799118079372856,0.2449779519843214,0.0,0.0,0.0
leagueoflegends,26,48.913043478260875,1.8115942028985508,1.8115942028985508,1.8115942028985508,0.0,0.0,0.0,0.0
leagueoflegends,27,53.625053625053624,0.0,1.287001287001287,0.429000429000429,0.0,0.0,0.0,0.0
leagueoflegends,28,47.301394784718006,0.0,2.7289266221952695,0.0,0.0,0.0,0.0,0.0
leagueoflegends,29,49.93757802746566,0.9363295880149812,1.2484394506866416,1.8726591760299625,0.0,0.0,0.0,0.0
leagueoflegends,30,42.756330427563306,0.0,4.981320049813201,0.8302200083022001,0.0,0.0,0.0,0.0
leagueoflegends,31,47.70477047704771,1.3501350135013501,1.8001800180018002,0.45004500450045004,0.0,0.0,0.0,0.0
leagueoflegends,32,34.25186711305692,0.25753283543651817,1.0301313417460727,4.893123873293845,0.0,0.0,0.0,0.0
leagueoflegends,33,40.258342303552205,1.2917115177610334,2.1528525296017222,1.2917115177610334,0.0,0.21528525296017223,0.0,0.0
leagueoflegends,34,48.92601431980907,0.5966587112171838,3.2816229116945106,0.0,0.0,0.0,0.0,0.0
leagueoflegends,35,42.9544264012572,1.3095861707700367,1.8334206390780514,3.92875851231011,0.0,0.26191723415400736,0.0,0.0
leagueoflegends,36,46.85452162516383,1.3106159895150722,2.6212319790301444,0.982961992136304,0.0,0.0,0.0,0.0
leagueoflegends,37,37.41721854304636,1.3245033112582782,3.6423841059602653,1.9867549668874172,0.33112582781456956,0.0,0.0,0.0
leagueoflegends,38,39.575566389446514,1.720676799541153,1.4338973329509608,0.8603383997705765,0.0,0.28677946659019216,0.0,0.0
leagueoflegends,39,43.44919786096257,0.3342245989304813,2.339572192513369,0.3342245989304813,0.0,0.0,0.0,0.0
leagueoflegends,40,47.25274725274725,1.6483516483516483,1.9230769230769231,0.27472527472527475,0.0,0.0,0.0,0.0
leagueoflegends,41,43.74633000587199,0.5871990604815032,1.7615971814445097,2.642395772166765,0.0,0.0,0.0,0.0
leagueoflegends,42,44.3213296398892,0.0,4.986149584487534,0.8310249307479224,0.0,0.0,0.0,0.0
leagueoflegends,43,38.165842943437674,0.0,4.667764964305327,0.2745744096650192,0.0,0.0,0.0,0.0
leagueoflegends,44,47.92107117688513,0.0,0.7047216349541932,0.3523608174770966,0.0,0.0,0.0,0.0
leagueoflegends,45,47.24096863834855,0.39698292973402144,6.550218340611353,2.1834061135371177,0.0,0.0,0.0,0.0
leagueoflegends,46,51.590106007067135,0.0,3.1802120141342756,1.4134275618374557,0.0,0.0,0.0,0.0
leagueoflegends,47,41.46634615384615,0.9014423076923077,3.3052884615384617,2.704326923076923,0.0,0.0,0.0,0.0
leagueoflegends,48,51.245551601423486,0.35587188612099646,3.202846975088968,1.4234875444839858,0.0,0.0,0.0,0.0
leagueoflegends,49,45.272078501338086,0.6690454950936663,1.5611061552185548,0.22301516503122212,0.0,0.0,0.0,0.0
leagueoflegends,50,36.68903803131991,0.447427293064877,2.237136465324385,2.237136465324385,0.0,0.0,0.0,0.0
leagueoflegends,51,41.71840079463621,1.7382666997765084,1.4899428855227217,0.7449714427613608,0.0,0.0,0.0,0.0
leagueoflegends,52,45.346062052505964,2.088305489260143,2.3866348448687353,1.7899761336515514,0.0,0.2983293556085919,0.0,0.0
leagueoflegends,53,46.208112874779545,0.7054673721340389,1.4109347442680777,1.763668430335097,0.0,0.0,0.0,0.0
leagueoflegends,54,50.18703241895261,1.8703241895261844,1.2468827930174564,0.6234413965087282,0.0,0.3117206982543641,0.0,0.0
leagueoflegends,55,41.7558886509636,0.8029978586723768,2.6766595289079227,0.8029978586723768,0.0,0.0,0.0,0.0
leagueoflegends,56,47.43558873103781,1.926318324103058,6.260534553334939,0.24078979051288224,0.0,0.0,0.0,0.0
leagueoflegends,57,51.66374781085814,0.0,1.3134851138353765,0.43782837127845886,0.0,0.0,0.0,0.0
leagueoflegends,58,50.60065526028395,1.4561339643247178,2.548234437568256,0.36403349108117944,0.0,0.36403349108117944,0.0,0.0
leagueoflegends,59,47.31008380643417,0.2703433360367667,2.1627466882941335,1.0813733441470668,0.0,0.0,0.0,0.0
leagueoflegends,60,43.87291981845688,0.2521432173474534,1.0085728693898135,0.0,0.0,0.0,0.0,0.0
leagueoflegends,61,53.57142857142857,1.17096018735363,4.68384074941452,2.0491803278688527,0.2927400468384075,0.2927400468384075,0.0,0.0
leagueoflegends,62,47.98464491362764,0.3838771593090211,2.3032629558541267,1.1516314779270633,0.0,0.0,0.0,0.0
leagueoflegends,63,46.07843137254902,0.9803921568627451,2.941176470588235,0.32679738562091504,0.0,0.0,0.0,0.0
leagueoflegends,64,44.83985765124555,0.7117437722419929,2.8469750889679717,0.35587188612099646,0.0,0.0,0.0,0.0
leagueoflegends,65,42.57028112449799,0.2677376171352075,0.8032128514056225,1.3386880856760375,0.0,0.0,0.0,0.0
leagueoflegends,66,47.60352135637431,1.6302575806977502,1.9563090968373003,1.9563090968373003,0.0,0.0,0.0,0.0
leagueoflegends,67,39.50276243093923,0.8287292817679558,0.5524861878453039,3.0386740331491713,0.0,0.0,0.0,0.0
leagueoflegends,68,40.91971940763835,0.779423226812159,3.5074045206547155,3.117692907248636,0.3897116134060795,0.0,0.0,0.0
leagueoflegends,69,53.774778574441164,1.054407423028258,4.428511176718684,1.4761703922395613,0.0,0.0,0.0,0.0
leagueoflegends,70,50.43909029497861,0.45034902049088044,0.6755235307363207,0.9006980409817609,0.0,0.0,0.0,0.0
leagueoflegends,71,52.86214953271028,1.4602803738317756,1.7523364485981308,0.8761682242990654,0.0,0.0,0.0,0.0
leagueoflegends,72,47.802850356294535,0.5938242280285035,3.5629453681710217,0.29691211401425177,0.0,0.0,0.0,0.0
leagueoflegends,73,42.5531914893617,2.6595744680851063,0.9973404255319148,0.0,0.0,0.6648936170212766,0.0,0.0
leagueoflegends,74,39.10149750415973,0.0,3.327787021630616,1.3865779256794233,0.0,0.0,0.0,0.0
AdviceAnimals,0,47.3133618640038,2.8530670470756063,2.3775558725630055,4.755111745126011,0.0,0.0,0.0,0.0
AdviceAnimals,1,52.94117647058823,0.6535947712418301,0.32679738562091504,0.0,0.0,0.0,0.0,0.0
AdviceAnimals,2,59.631959003028186,2.3293733985557887,3.7269974376892616,0.23293733985557885,0.0,0.0,0.0,0.0
AdviceAnimals,3,44.40045248868778,2.8280542986425337,7.635746606334841,2.545248868778281,0.0,0.5656108597285069,0.0,0.0
AdviceAnimals,4,47.98927613941019,0.5361930294906166,3.4852546916890077,1.3404825737265416,0.0,0.0,0.0,0.0
AdviceAnimals,5,49.639489739323345,1.1092623405435387,3.327787021630616,2.2185246810870773,0.0,0.0,0.0,0.0
AdviceAnimals,6,46.869768998995646,1.3391362571141614,2.343488449949782,0.33478406427854035,0.0,0.33478406427854035,0.0,0.0
AdviceAnimals,7,49.48024948024948,2.079002079002079,2.494802494802495,2.9106029106029108,0.0,0.0,0.0,0.0
AdviceAnimals,8,47.5488389237007,1.474382602285293,2.948765204570586,1.1057869517139698,0.0,0.36859565057132326,0.0,0.0
AdviceAnimals,9,46.250561293219576,0.44903457566232596,2.2451728783116303,1.7961383026493039,0.0,0.0,0.0,0.0
AdviceAnimals,10,46.71052631578947,0.3289473684210526,7.894736842105264,0.3289473684210526,0.0,0.0,0.0,0.0
AdviceAnimals,11,43.7219730941704,0.0,3.7369207772795217,1.4947683109118086,0.0,0.0,0.0,0.0
AdviceAnimals,12,54.637865311308765,0.9529860228716646,6.353240152477763,0.6353240152477764,0.0,0.0,0.0,0.0
AdviceAnimals,13,50.433010697911364,1.273560876209883,2.8018339276617423,2.8018339276617423,0.2547121752419766,0.2547121752419766,0.0,0.0
AdviceAnimals,14,49.222797927461144,1.1514104778353484,3.742084052964882,1.7271157167530224,0.0,0.2878526194588371,0.0,0.0
AdviceAnimals,15,51.97080291970803,1.751824817518248,3.211678832116788,2.0437956204379564,0.0,0.29197080291970806,0.0,0.0
AdviceAnimals,16,45.200372786579685,1.3979496738117427,3.0288909599254428,4.8928238583410995,0.0,0.0,0.0,0.0
AdviceAnimals,17,48.283561261512695,1.1163829193413342,4.186435947530003,1.1163829193413342,0.0,0.0,0.0,0.0
AdviceAnimals,18,53.91144757972012,2.7529249827942186,3.4411562284927735,2.2941041523285155,0.0,0.0,0.0,0.0
AdviceAnimals,19,51.627384960718295,1.122334455667789,0.7482229704451926,1.122334455667789,0.0,0.0,0.0,0.0
AdviceAnimals,20,48.07692307692308,0.5197505197505198,3.3783783783783785,3.6382536382536386,0.0,0.0,0.0,0.0
AdviceAnimals,21,42.38073182028717,1.6211208893006022,2.3158869847151458,0.9263547938860583,0.0,0.0,0.0,0.0
AdviceAnimals,22,49.638395792241944,0.6574621959237344,2.9585798816568047,1.314924391847469,0.0,0.0,0.0,0.0
AdviceAnimals,23,46.94570135746606,1.1312217194570138,3.676470588235294,1.1312217194570138,0.0,0.0,0.0,0.0
AdviceAnimals,24,59.0988882387361,1.1702750146284377,2.3405500292568755,0.8777062609713282,0.0,0.0,0.0,0.0
AdviceAnimals,25,49.77282114828583,7.434944237918216,5.163155720776539,3.9239983477901696,0.0,2.4783147459727384,0.0,0.0
AdviceAnimals,26,52.83757338551859,0.9784735812133072,1.9569471624266144,3.9138943248532287,0.32615786040443573,0.0,0.0,0.0
AdviceAnimals,27,51.07443164123326,0.9342883836810962,1.2457178449081283,0.6228589224540642,0.0,0.0,0.0,0.0
AdviceAnimals,28,46.41812865497076,1.461988304093567,3.289473684210526,2.5584795321637426,0.0,0.0,0.0,0.0
AdviceAnimals,29,51.56639866925423,0.2772387025228722,2.2179096201829775,0.5544774050457444,0.0,0.0,0.0,0.0
AdviceAnimals,30,42.269832078749275,1.447596988998263,2.026635784597568,0.0,0.0,0.0,0.0,0.0
AdviceAnimals,31,48.393655957706386,2.8466856445709636,1.626677511183408,2.03334688897926,0.0,0.0,0.0,0.0
AdviceAnimals,32,55.15277058518902,1.0357327809425168,3.1071983428275503,0.5178663904712584,0.0,0.0,0.0,0.0
AdviceAnimals,33,39.81042654028436,0.31595576619273297,3.7914691943127963,1.5797788309636651,0.0,0.0,0.0,0.0
AdviceAnimals,34,48.78534448426922,1.5929908403026682,2.588610115491836,1.9912385503783352,0.0,0.0,0.0,0.0
AdviceAnimals,35,46.54011022657685,2.449479485609308,3.061849357011635,0.612369871402327,0.0,0.0,0.0,0.0
AdviceAnimals,36,38.12785388127854,2.5114155251141552,3.8812785388127855,3.1963470319634704,0.0,0.0,0.0,0.0
AdviceAnimals,37,50.73240443015362,0.3572704537334762,1.7863522686673812,2.1436227224008575,0.0,0.0,0.0,0.0
AdviceAnimals,38,46.15384615384615,0.8097165991902834,6.0728744939271255,1.2145748987854252,0.0,0.0,0.0,0.0
AdviceAnimals,39,52.13903743315508,1.0695187165775402,2.4064171122994655,1.6042780748663101,0.0,0.0,0.0,0.0
AdviceAnimals,40,41.806393919069976,0.223563603845294,3.35345405767941,1.1178180192264697,0.223563603845294,0.0,0.0,0.0
AdviceAnimals,41,43.056005179669796,1.9423761735189382,1.618646811265782,0.9711880867594691,0.0,0.0,0.0,0.0
AdviceAnimals,42,47.594278283485046,2.3407022106631987,4.94148244473342,1.0403120936280883,0.0,0.2600780234070221,0.2600780234070221,0.2600780234070221
AdviceAnimals,43,50.57415098949426,1.7102369899828977,1.9545565599804544,2.1988761299780113,0.0,0.2443195699975568,0.0,0.0
AdviceAnimals,44,42.8141633881046,3.7028465632955334,2.77713492247165,3.4714186530895623,0.0,0.4628558204119417,0.0,0.0
AdviceAnimals,45,41.437980241492866,0.5488474204171241,0.823271130625686,1.920965971459934,0.0,0.0,0.0,0.0
AdviceAnimals,46,54.06259879860892,0.6323110970597534,2.5292443882390137,3.4777110338286437,0.0,0.0,0.0,0.0
AdviceAnimals,47,44.554455445544555,0.5824111822947001,4.368083867210251,2.0384391380314506,0.0,0.0,0.0,0.0
AdviceAnimals,48,49.376017362995114,0.27129679869777534,0.5425935973955507,5.425935973955507,0.0,0.0,0.0,0.0
AdviceAnimals,49,39.27746271791641,0.8401596303297626,3.780718336483932,0.630119722747322,0.0,0.0,0.0,0.0
AdviceAnimals,50,46.58050619278406,1.6155088852988693,1.884760366182014,2.154011847065159,0.0,0.0,0.0,0.0
AdviceAnimals,51,55.57996485061511,1.757469244288225,6.370826010544816,1.3181019332161688,0.0,0.0,0.0,0.0
AdviceAnimals,52,54.20991926182238,1.5378700499807767,5.767012687427912,1.5378700499807767,0.0,0.0,0.0,0.0
AdviceAnimals,53,46.47160068846816,1.721170395869191,3.9341037619867225,1.2294074256208507,0.0,0.0,0.0,0.0
AdviceAnimals,54,49.3747996152613,1.2824623276691247,1.6030779095864058,1.9236934915036872,0.0,0.0,0.0,0.0
AdviceAnimals,55,49.66592427616927,0.89086859688196,4.008908685968819,1.1135857461024499,0.22271714922049,0.22271714922049,0.22271714922049,0.0
AdviceAnimals,56,42.84103720405862,0.4509582863585118,0.9019165727170236,1.3528748590755355,0.0,0.0,0.0,0.0
AdviceAnimals,57,47.52970606629144,1.876172607879925,2.8142589118198873,3.1269543464665417,0.0,0.0,0.0,0.0
AdviceAnimals,58,50.290797126240165,0.6842285323297981,2.7369141293191923,0.6842285323297981,0.0,0.0,0.0,0.0
AdviceAnimals,59,48.02189599402837,1.244090569793481,0.7464543418760885,2.985817367504354,0.0,0.2488181139586962,0.0,0.0
AdviceAnimals,60,42.797494780793315,1.7397355601948503,2.08768267223382,2.783576896311761,0.0,0.0,0.0,0.0
AdviceAnimals,61,44.71544715447155,0.7621951219512195,3.302845528455285,1.524390243902439,0.0,0.0,0.0,0.0
AdviceAnimals,62,51.45565335138795,0.6770480704129993,3.046716316858497,1.015572105619499,0.0,0.0,0.0,0.0
AdviceAnimals,63,51.716031969910674,3.526093088857546,7.287259050305595,1.8805829807240244,0.0,0.0,0.0,0.0
AdviceAnimals,64,52.73485405935737,0.4905567819475104,0.2452783909737552,1.9622271277900416,0.0,0.0,0.0,0.0
AdviceAnimals,65,52.316076294277934,0.8174386920980927,2.997275204359673,0.8174386920980927,0.0,0.0,0.2724795640326976,0.0
AdviceAnimals,66,45.73405073020753,2.690238278247502,3.4588777863182165,0.7686395080707148,0.0,0.0,0.0,0.0
AdviceAnimals,67,56.620730976632714,0.0,3.2953864589574597,0.2995805871779509,0.0,0.0,0.0,0.0
AdviceAnimals,68,49.70178926441352,0.6626905235255136,5.301524188204109,0.9940357852882703,0.0,0.0,0.0,0.0
AdviceAnimals,69,45.26024641689716,3.0173497611264772,1.5086748805632386,2.0115665074176516,0.0,0.5028916268544129,0.0,0.0
AdviceAnimals,70,50.66515709029154,1.415227851684121,3.113501273705067,7.925275969431078,0.2830455703368242,0.0,0.0,0.0
AdviceAnimals,71,43.803714998613806,1.6634322151372332,1.9406709176601054,0.8317161075686166,0.0,0.0,0.0,0.0
AdviceAnimals,72,52.21386800334169,2.506265664160401,2.506265664160401,1.2531328320802004,0.0,0.0,0.0,0.0
AdviceAnimals,73,46.09505612610461,1.6718414139001672,1.910675901600191,2.149510389300215,0.0,0.0,0.0,0.0
AdviceAnimals,74,53.5290308655299,1.9425857975393912,2.374271530325923,2.158428663932657,0.0,0.0,0.0,0.0
funny,0,39.250353606789254,2.828854314002829,3.8896746817538896,1.768033946251768,0.0,0.0,0.0,0.0
funny,1,49.579588286459845,0.8698173383589446,2.3195129022905188,0.28993911278631485,0.0,0.28993911278631485,0.0,0.0
funny,2,45.302813543156894,3.814973772055317,3.3381020505484025,1.4306151645207439,0.0,0.47687172150691465,0.0,0.0
funny,3,47.008547008547005,2.442002442002442,2.7472527472527473,2.442002442002442,0.6105006105006106,0.0,0.0,0.0
funny,4,45.18855656697009,4.551365409622886,5.201560468140443,2.6007802340702213,0.6501950585175553,0.32509752925877766,0.0,0.0
funny,5,40.40404040404041,0.531632110579479,1.8607123870281765,0.7974481658692185,0.0,0.0,0.0,0.0
funny,6,46.616119067677616,1.4040999719180005,4.773939904521202,1.9657399606852008,0.5616399887672002,0.2808199943836001,0.0,0.0
funny,7,55.70291777188329,3.5366931918656053,1.7683465959328026,0.8841732979664013,0.0,0.44208664898320066,0.0,0.0
funny,8,42.59704568876675,1.7176228100309172,5.496392992098936,3.4352456200618344,0.0,0.0,0.0,0.0
funny,9,44.71168670983657,1.2334258402713536,3.0835646006783843,0.6167129201356768,0.0,0.0,0.0,0.0
funny,10,44.23592493297587,1.7873100983020553,0.8936550491510277,1.3404825737265416,0.0,0.0,0.0,0.0
funny,11,50.984936268829664,5.793742757821553,1.7381228273464657,1.1587485515643106,0.0,0.0,0.0,0.0
funny,12,50.2060696890221,0.37467216185837393,2.2480329711502436,2.6227051330086173,0.0,0.0,0.0,0.0
funny,13,51.031894934333955,3.377110694183865,1.125703564727955,1.5009380863039399,0.0,0.7504690431519699,0.0,0.0
funny,14,43.98082886946716,0.845785170566676,1.40964195094446,1.9734987313222443,0.0,0.28192839018889204,0.0,0.0
funny,15,56.76855895196507,4.763795156808257,3.5728463676061932,5.160778086542279,0.0,0.39698292973402144,0.0,0.0
funny,16,50.66079295154185,0.4405286343612335,1.762114537444934,3.0837004405286343,0.0,0.0,0.0,0.0
funny,17,45.34412955465587,0.4048582995951417,7.6923076923076925,0.4048582995951417,0.0,0.0,0.0,0.0
funny,18,44.31314623338257,0.9847365829640572,3.4465780403741997,2.461841457410143,0.0,0.0,0.0,0.0
funny,19,46.32152588555858,2.0435967302452314,2.3841961852861036,2.7247956403269753,0.0,0.0,0.0,0.0
funny,20,50.78876490958061,1.5390534821085033,0.7695267410542517,1.1542901115813775,0.0,0.0,0.0,0.0
funny,21,44.905978108335674,2.245298905416784,3.3679483581251755,3.648610721302273,0.0,0.280662363177098,0.0,0.0
funny,22,48.50934815563416,1.5159171298635674,3.7897928246589188,1.5159171298635674,0.0,0.0,0.0,0.0
funny,23,46.92766398755509,2.33341975628727,2.5926886180969664,0.77780658542909,0.0,0.5185377236193932,0.0,0.0
funny,24,44.565217391304344,1.0869565217391304,3.6231884057971016,0.36231884057971014,0.0,0.0,0.0,0.0
funny,25,41.789940828402365,1.4792899408284024,6.28698224852071,1.849112426035503,0.0,0.0,0.0,0.0
funny,26,46.79306171843485,3.630496167809601,5.244050020169423,2.4203307785397334,0.0,0.0,0.40338846308995563,0.40338846308995563
funny,27,56.81818181818181,1.7482517482517483,3.4965034965034967,2.1853146853146854,0.0,0.0,0.0,0.0
funny,28,48.142164781906295,1.6155088852988693,2.5848142164781907,0.9693053311793214,0.0,0.0,0.0,0.0
funny,29,44.81063891298063,2.0237062734894478,2.0237062734894478,2.8910089621277826,0.0,0.0,0.0,0.0
funny,30,44.27681206953099,2.6238110856018366,4.2636930141029845,0.9839291571006887,0.3279763857002296,0.0,0.0,0.0
funny,31,44.3527591542032,2.0629190304280556,3.094378545642084,0.5157297576070139,0.0,0.0,0.0,0.0
funny,32,48.27343199436223,2.8188865398167726,3.875968992248062,0.3523608174770966,0.3523608174770966,0.0,0.0,0.0
funny,33,43.36164506034868,0.894054537326777,4.023245417970496,0.4470272686633885,0.0,0.0,0.0,0.0
funny,34,43.39440694310511,1.6072002571520412,2.2500803600128574,0.6428801028608164,0.0,0.0,0.0,0.0
funny,35,42.42806133165301,0.21003990758244065,2.1003990758244067,1.890359168241966,0.0,0.0,0.0,0.0
funny,36,48.96907216494845,0.3681885125184094,0.7363770250368188,0.7363770250368188,0.0,0.0,0.0,0.0
funny,37,40.78659868900218,2.5491624180626364,2.1849963583394025,1.0924981791697013,0.0,0.0,0.0,0.0
funny,38,39.24611973392461,0.0,0.8869179600886918,2.4390243902439024,0.0,0.0,0.0,0.0
funny,39,54.06881485527035,1.3653741125068268,2.1845985800109227,1.9115237575095578,0.27307482250136533,0.27307482250136533,0.0,0.0
funny,40,50.86103323988787,4.004805766920304,2.803364036844213,1.6019223067681216,0.0,0.0,0.0,0.0
funny,41,49.031237643337285,0.0,2.76789244760775,3.558718861209964,0.39541320680110714,0.0,0.0,0.0
funny,42,45.71042557982436,1.3510470614726413,1.8013960819635217,1.3510470614726413,0.0,0.0,0.0,0.0
funny,43,55.55555555555555,3.0651340996168583,4.21455938697318,0.7662835249042146,0.7662835249042146,0.3831417624521073,0.0,0.0
funny,44,49.818541735400856,0.32992411745298583,2.3094688221709005,1.649620587264929,0.0,0.0,0.0,0.0
funny,45,44.61113304382155,3.9478878799842083,3.5530990919857874,2.3687327279905253,0.0,0.3947887879984208,0.0,0.0
funny,46,50.3875968992248,0.9689922480620154,4.844961240310077,0.9689922480620154,0.0,0.0,0.0,0.0
funny,47,55.10872803098004,0.5957700327673517,3.872505212987787,1.4894250819183796,0.0,0.0,0.0,0.0
funny,48,35.031847133757964,1.7371163867979154,2.3161551823972206,5.2113491603937465,0.0,0.0,0.0,0.0
funny,49,51.06257378984652,0.29515938606847697,0.5903187721369539,1.770956316410862,0.0,0.0,0.0,0.0
funny,50,51.02040816326531,1.2755102040816326,2.976190476190476,2.5510204081632653,0.0,0.0,0.0,0.0
funny,51,51.85185185185185,0.3898635477582846,1.5594541910331383,1.949317738791423,0.0,0.0,0.0,0.0
funny,52,38.02186878727634,0.9940357852882703,4.473161033797217,2.2365805168986084,0.0,0.0,0.24850894632206758,0.0
funny,53,42.170644001307615,0.9807126511932004,4.249754821837201,1.9614253023864008,0.0,0.32690421706440015,0.0,0.0
funny,54,46.33688165309957,0.6261740763932373,2.504696305572949,2.504696305572949,0.0,0.0,0.0,0.0
funny,55,49.13557779799818,2.2747952684258417,2.2747952684258417,2.72975432211101,0.0,0.0,0.0,0.0
funny,56,46.534017971758665,0.32092426187419765,2.246469833119384,1.2836970474967906,0.0,0.0,0.0,0.0
funny,57,59.7979797979798,1.6161616161616161,1.2121212121212122,1.2121212121212122,0.0,0.0,0.0,0.0
funny,58,53.626543209876544,3.8580246913580245,3.472222222222222,3.472222222222222,0.0,0.38580246913580246,0.0,0.0
funny,59,45.336787564766844,2.5906735751295336,1.2953367875647668,0.8635578583765112,0.0,0.0,0.0,0.0
funny,60,43.650793650793645,0.7936507936507936,3.7037037037037037,2.3809523809523814,0.0,0.0,0.0,0.0
funny,61,49.789447609611095,1.238543472875898,2.972504334902155,1.9816695566014366,0.0,0.0,0.0,0.0
funny,62,55.59885684593401,1.0392309690828787,2.8578851649779162,0.779423226812159,0.2598077422707197,0.0,0.0,0.0
funny,63,49.30826534231998,1.4189428875487762,2.8378857750975524,2.4831500532103585,0.0,0.0,0.0,0.0
funny,64,54.0888602704443,2.2537025112685125,2.2537025112685125,3.219575016097875,0.0,0.0,0.0,0.0
funny,65,53.62776025236593,1.2618296529968456,0.6309148264984228,3.1545741324921135,0.0,0.0,0.0,0.0
funny,66,47.80487804878049,2.926829268292683,3.4146341463414633,1.951219512195122,0.0,0.0,0.0,0.0
funny,67,47.2972972972973,2.14987714987715,1.5356265356265355,1.5356265356265355,0.0,0.0,0.0,0.0
funny,68,47.1023427866831,0.7398273736128237,2.7127003699136867,1.2330456226880395,0.0,0.0,0.0,0.0
funny,69,47.0873786407767,5.339805825242719,3.3980582524271843,1.941747572815534,0.0,1.4563106796116505,0.0,0.0
funny,70,55.33013648100332,0.36886757654002217,1.8443378827001107,1.4754703061600887,0.0,0.0,0.0,0.0
funny,71,51.09204368174726,0.39001560062402496,2.3400936037441498,0.39001560062402496,0.0,0.0,0.0,0.0
funny,72,43.522785458269325,3.0721966205837172,4.09626216077829,0.2560163850486431,0.0,0.0,0.0,0.0
funny,73,56.514913657770805,0.9419152276295133,5.023547880690738,1.8838304552590266,0.0,0.0,0.0,0.0
funny,74,48.14550641940086,0.0,2.4964336661911553,2.1398002853067046,0.0,0.0,0.0,0.0
pics,0,57.37704918032787,1.366120218579235,0.0,1.8214936247723132,0.0,0.0,0.0,0.0
pics,1,46.77914110429448,0.2556237218813906,1.0224948875255624,4.601226993865031,0.0,0.0,0.0,0.0
pics,2,45.22463552514132,0.8925914906277893,1.4876524843796488,0.8925914906277893,0.2975304968759298,0.2975304968759298,0.0,0.0
pics,3,50.18534359851725,0.8554319931565441,1.4257199885942402,1.996007984031936,0.0,0.0,0.0,0.0
pics,4,44.037287045965925,3.2144005143040824,6.750241080038573,3.2144005143040824,0.3214400514304082,0.3214400514304082,0.0,0.0
pics,5,42.19077568134172,3.1446540880503147,3.1446540880503147,1.310272536687631,0.0,0.2620545073375262,0.0,0.0
pics,6,48.63078375826251,0.23607176581680833,1.652502360717658,0.0,0.0,0.0,0.0,0.0
pics,7,44.867437117607075,3.399048266485384,6.118286879673692,6.118286879673692,0.0,0.0,0.0,0.0
pics,8,55.97850425436633,1.7913121361397224,4.926108374384237,0.4478280340349306,0.0,0.0,0.0,0.0
pics,9,36.91899070385126,1.8592297476759627,2.6560424966799467,1.5936254980079683,0.2656042496679947,0.0,0.0,0.0
pics,10,47.72663089522734,1.9768426998023159,2.2592487997740753,1.1296243998870377,0.0,0.0,0.0,0.0
pics,11,52.69881826892367,0.0,0.9581603321622485,0.9581603321622485,0.0,0.0,0.0,0.0
pics,12,44.759206798866856,3.3994334277620397,1.13314447592068,3.3994334277620397,0.28328611898017,0.28328611898017,0.0,0.0
pics,13,53.29153605015674,0.8956560680698612,1.3434841021047916,0.8956560680698612,0.0,0.0,0.0,0.0
pics,14,54.71634776770728,1.342732460557234,3.356831151393085,2.014098690835851,0.3356831151393085,0.0,0.0,0.0
pics,15,53.33749220212102,1.8714909544603868,2.495321272613849,1.8714909544603868,0.0,0.6238303181534622,0.0,0.0
pics,16,44.68825260904469,0.8027829810008028,4.549103559004549,1.0703773080010703,0.0,0.0,0.0,0.0
pics,17,58.46422338568935,0.8726003490401396,3.926701570680628,0.8726003490401396,0.0,0.0,0.0,0.0
pics,18,46.33497911127991,1.1393847322445878,1.1393847322445878,1.89897455374098,0.0,0.0,0.0,0.0
pics,19,45.52075746540422,0.3641660597232338,4.369992716678805,5.098324836125273,0.0,0.0,0.0,0.0
pics,20,53.536537710042985,0.390777647518562,3.907776475185619,0.390777647518562,0.0,0.0,0.0,0.0
pics,21,48.104131295981894,4.81041312959819,5.942275042444821,1.697792869269949,0.2829654782116582,0.5659309564233164,0.0,0.0
pics,22,45.78313253012048,1.927710843373494,1.927710843373494,2.4096385542168677,0.0,0.0,0.0,0.0
pics,23,47.45529573590096,7.565337001375516,3.43878954607978,2.063273727647868,0.0,0.687757909215956,0.0,0.0
pics,24,38.29113924050633,0.6329113924050633,2.2151898734177218,1.8987341772151898,0.0,0.0,0.0,0.0
pics,25,46.519300560871,0.6598482349059717,0.9897723523589574,0.6598482349059717,0.0,0.0,0.0,0.0
pics,26,45.73885848318999,1.563721657544957,7.0367474589523065,0.39093041438623927,0.0,0.0,0.0,0.0
pics,27,41.157294213528935,0.6112469437652812,1.8337408312958434,1.6299918500407498,0.0,0.0,0.0,0.0
pics,28,50.112753695815584,1.0022550739163116,7.5169130543723375,1.5033826108744675,0.0,0.0,0.0,0.0
pics,29,41.299117882919006,1.6038492381716118,4.0096230954290295,0.8019246190858059,0.0,0.0,0.0,0.0
pics,30,48.038783605112386,1.762891141472014,3.9665050683120318,1.3221683561040105,0.0,0.0,0.0,0.0
pics,31,48.507462686567166,3.7313432835820897,9.950248756218905,2.487562189054726,0.0,0.0,0.0,0.0
pics,32,47.31252011586739,3.2185387833923396,4.184100418410042,2.896684905053106,0.0,0.321853878339234,0.0,0.0
pics,33,52.126638951071314,1.2791813239526704,3.8375439718580107,0.9593859929645027,0.0,0.0,0.0,0.0
pics,34,61.7399438727783,1.8709073900841908,2.182725288431556,0.3118178983473651,0.0,0.3118178983473651,0.0,0.0
pics,35,51.69776690119302,0.611807892321811,2.1413276231263385,0.611807892321811,0.0,0.0,0.0,0.0
pics,36,46.06365159128978,0.8375209380234506,2.233389168062535,2.512562814070352,0.0,0.0,0.0,0.0
pics,37,50.473186119873816,1.1266336187471835,2.0279405137449302,1.5772870662460567,0.0,0.0,0.0,0.0
pics,38,46.02026049204052,0.5788712011577424,2.3154848046309695,0.0,0.0,0.0,0.0,0.0
pics,39,44.80341359341664,3.6574215178299303,2.4382810118866196,2.7430661383724475,0.0,0.0,0.30478512648582745,0.0
pics,40,48.319327731092436,4.201680672268908,1.5006002400960385,2.4009603841536613,0.0,0.0,0.0,0.0
pics,41,54.75397706252312,0.7399186089530152,2.2197558268590454,0.7399186089530152,0.0,0.0,0.0,0.0
pics,42,60.02143622722401,0.2679528403001072,3.215434083601286,2.411575562700965,0.0,0.0,0.0,0.0
pics,43,58.30738748938579,0.5660911406736484,2.2643645626945936,0.2830455703368242,0.0,0.0,0.0,0.0
pics,44,51.638837353123066,0.9276437847866419,1.8552875695732838,4.63821892393321,0.0,0.0,0.0,0.0
pics,45,49.12496162112373,1.5351550506601166,1.5351550506601166,0.92109303039607,0.0,0.0,0.0,0.0
pics,46,43.51087771942986,1.7504376094023506,3.500875218804701,1.7504376094023506,0.0,0.5001250312578145,0.0,0.0
pics,47,48.1283422459893,0.6291286568103177,1.2582573136206354,1.2582573136206354,0.0,0.0,0.0,0.0
pics,48,45.31722054380664,3.6253776435045317,4.833836858006042,1.5105740181268883,0.0,0.6042296072507553,0.0,0.0
pics,49,47.79686333084392,0.9957679860592482,3.4851879512073687,0.24894199651481205,0.0,0.0,0.0,0.0
pics,50,57.33005733005733,0.4095004095004095,0.4095004095004095,4.504504504504505,0.0,0.0,0.0,0.0
pics,51,53.923928743379875,0.7221954742416947,3.370245546461242,1.685122773230621,0.0,0.0,0.0,0.0
pics,52,49.665049665049665,2.31000231000231,2.079002079002079,2.541002541002541,0.0,0.0,0.0,0.0
pics,53,47.69669792091317,0.0,2.8536485935589075,1.6306563391765185,0.0,0.0,0.0,0.0
pics,54,40.11627906976744,4.3604651162790695,2.0348837209302326,2.6162790697674416,0.0,1.4534883720930232,0.0,0.0
pics,55,46.596434359805514,14.181523500810371,21.06969205834684,0.4051863857374392,3.2414910858995136,0.8103727714748784,3.2414910858995136,2.4311183144246353
pics,56,51.172707889125796,2.1321961620469083,4.264392324093817,3.045994517209869,0.6091989034419738,0.0,0.0,0.0
pics,57,46.973803071364046,1.2044564890093346,0.9033423667570009,1.5055706112616682,0.0,0.0,0.0,0.0
pics,58,46.42857142857143,3.571428571428571,4.285714285714286,1.7857142857142856,0.35714285714285715,0.0,0.0,0.0
pics,59,45.88457899716178,0.0,1.8921475875118259,0.0,0.0,0.0,0.0,0.0
pics,60,46.345256609642306,1.8662519440124417,1.244167962674961,0.0,0.0,0.0,0.0,0.0
pics,61,43.126684636118604,1.3477088948787064,1.3477088948787064,2.0215633423180592,0.0,0.0,0.0,0.0
pics,62,55.657119642494415,2.2344099126548853,3.0469226081657528,0.8125126955108674,0.0,0.20312817387771684,0.0,0.0
pics,63,46.45906579608237,1.7579105976896032,4.520341536916122,1.5067805123053741,0.0,0.0,0.0,0.0
pics,64,46.65111629456848,0.0,6.331222925691436,1.9993335554815062,0.0,0.0,0.0,0.0
pics,65,53.01995080623121,2.186389723968297,1.639792292976223,0.2732987154960371,0.0,0.0,0.0,0.0
pics,66,60.85526315789474,1.973684210526316,1.973684210526316,2.302631578947368,0.0,0.3289473684210526,0.0,0.0
pics,67,43.31612162937464,3.155479059093517,5.737234652897304,2.868617326448652,0.0,0.5737234652897303,0.0,0.0
pics,68,45.563549160671464,1.199040767386091,2.398081534772182,1.498800959232614,0.0,0.0,0.0,0.0
pics,69,48.154815481548155,0.0,1.3501350135013501,2.25022502250225,0.0,0.0,0.0,0.0
pics,70,50.300945829750646,0.4299226139294927,1.7196904557179709,3.0094582975064488,0.0,0.0,0.0,0.0
pics,71,52.21238938053097,2.6548672566371683,6.1946902654867255,0.8849557522123894,0.0,0.0,0.0,0.0
pics,72,54.36991869918699,1.524390243902439,2.032520325203252,6.097560975609756,0.0,0.0,0.0,0.0
pics,73,54.33376455368693,3.2341526520051747,7.115135834411385,4.527813712807244,0.0,0.3234152652005175,0.0,0.0
pics,74,49.33641084824004,0.28851702250432776,2.885170225043278,2.019619157530294,0.0,0.0,0.0,0.0
gaming,0,46.09101516919487,0.2917152858809801,2.042007001166861,5.250875145857643,0.0,0.0,0.0,0.0
gaming,1,44.701348747591524,1.7341040462427746,2.5048169556840074,2.3121387283236996,0.0,0.0,0.0,0.0
gaming,2,48.66494401378122,1.7226528854435832,2.1533161068044793,0.8613264427217916,0.0,0.0,0.0,0.0
gaming,3,48.126377663482735,1.1021307861866274,2.9390154298310063,1.1021307861866274,0.3673769287288758,0.3673769287288758,0.0,0.0
gaming,4,43.91033048301363,1.8488560203374163,1.8488560203374163,0.46221400508435406,0.23110700254217703,0.0,0.0,0.0
gaming,5,44.31352459016393,0.7684426229508197,2.5614754098360653,2.305327868852459,0.0,0.0,0.0,0.0
gaming,6,52.10016155088853,0.0,3.634894991922456,1.2116316639741518,0.0,0.0,0.0,0.0
gaming,7,50.6385839121667,1.3443871835088506,2.4647098364328928,2.016580775263276,0.0,0.22406453058480844,0.0,0.0
gaming,8,53.91658189216684,0.339097999321804,2.0345879959308237,1.69548999660902,0.0,0.0,0.0,0.0
gaming,9,46.875,0.2648305084745763,3.4427966101694913,2.3834745762711864,0.0,0.0,0.0,0.0
gaming,10,43.53272784215471,3.7582211086752273,3.4450360162856244,1.8791105543376136,0.0,0.0,0.0,0.0
gaming,11,49.01716844986315,1.9905449116695697,1.244090569793481,1.244090569793481,0.0,0.0,0.0,0.0
gaming,12,45.80152671755725,1.040943789035392,3.1228313671061763,2.7758501040943786,0.0,0.0,0.0,0.0
gaming,13,42.82933160285529,0.973393900064893,3.893575600259572,0.973393900064893,0.0,0.0,0.0,0.0
gaming,14,54.6875,0.9765625,1.953125,1.953125,0.244140625,0.0,0.0,0.0
gaming,15,49.4784701791923,1.6047071409467772,1.0698047606311847,0.26745119015779617,0.0,0.0,0.0,0.0
gaming,16,44.93150684931506,0.547945205479452,2.191780821917808,3.5616438356164384,0.0,0.0,0.0,0.0
gaming,17,48.12129202373105,1.6479894528675016,5.603164139749505,2.3071852340145025,0.3295978905735003,0.3295978905735003,0.0,0.0
gaming,18,42.877697841726615,0.28776978417266186,4.60431654676259,0.28776978417266186,0.0,0.0,0.0,0.0
gaming,19,54.567022538552784,0.0,1.1862396204033216,2.9655990510083035,0.0,0.0,0.0,0.0
gaming,20,44.27736006683375,1.2531328320802004,1.670843776106934,1.2531328320802004,0.0,0.0,0.0,0.0
gaming,21,46.34146341463415,0.24390243902439024,1.4634146341463414,1.4634146341463414,0.0,0.0,0.0,0.0
gaming,22,42.50386398763524,1.8031942297784647,2.31839258114374,2.575991756826378,0.0,0.0,0.0,0.0
gaming,23,46.391752577319586,0.813890396093326,5.425935973955507,0.5425935973955507,0.0,0.0,0.0,0.0
gaming,24,48.002803083391726,0.7007708479327259,2.8030833917309037,1.751927119831815,0.0,0.0,0.0,0.0
gaming,25,41.69586545199719,0.7007708479327259,2.102312543798178,2.102312543798178,0.0,0.0,0.0,0.0
gaming,26,42.54845177099577,2.450434395188238,1.3366005791935842,2.0049008687903767,0.0,0.0,0.0,0.0
gaming,27,47.21655494025065,0.8743806470416788,3.4975225881667154,0.8743806470416788,0.29146021568055963,0.0,0.0,0.0
gaming,28,49.97223764575236,1.1104941699056081,2.498611882287618,1.1104941699056081,0.27762354247640203,0.0,0.0,0.0
gaming,29,41.25,3.75,2.5,1.5625,0.0,0.0,0.0,0.0
gaming,30,44.34357541899441,0.6983240223463687,4.539106145251397,3.1424581005586596,0.34916201117318435,0.0,0.0,0.0
gaming,31,51.17632791656561,2.1828765462042203,0.9701673538685422,1.9403347077370845,0.0,0.0,0.0,0.0
gaming,32,43.29250925662204,0.5696382796923953,2.5633722586157788,1.424095699230988,0.0,0.0,0.0,0.0
gaming,33,56.75459632294165,1.9984012789768186,3.5971223021582737,3.5971223021582737,0.0,0.3996802557953637,0.0,0.0
gaming,34,53.08745459625594,0.5588153115395362,3.9117071807767534,4.749930148086057,0.0,0.2794076557697681,0.0,0.0
gaming,35,45.186640471512774,0.6548788474132285,3.601833660772757,0.9823182711198427,0.0,0.0,0.3274394237066143,0.3274394237066143
gaming,36,47.87592717464599,1.0114632501685772,3.0343897505057313,1.0114632501685772,0.0,0.0,0.0,0.0
gaming,37,51.37085137085137,2.0202020202020203,2.886002886002886,0.8658008658008658,0.0,0.2886002886002886,0.2886002886002886,0.0
gaming,38,52.92236115149753,1.163128816516429,9.014248328002326,3.7801686536783947,0.29078220412910727,0.0,0.0,0.0
gaming,39,42.68133019114951,0.7855459544383347,3.4040324692327832,1.0473946059177797,0.0,0.0,0.0,0.0
gaming,40,49.767171129220024,0.8731082654249127,1.4551804423748547,2.9103608847497093,0.0,0.0,0.0,0.0
gaming,41,46.5002447381302,1.4684287812041115,3.4263338228095934,1.4684287812041115,0.2447381302006853,0.2447381302006853,0.0,0.0
gaming,42,45.97443372953577,0.0,4.933841668535546,2.466920834267773,0.0,0.0,0.0,0.0
gaming,43,48.19277108433735,3.0761343245321715,4.357856959753909,1.281722635221738,0.0,0.0,0.0,0.0
gaming,44,41.626331074540175,0.968054211035818,2.258793159083575,0.6453694740238787,0.0,0.0,0.0,0.0
gaming,45,31.86053501653141,1.8034265103697023,3.6068530207394045,2.1039975954313195,0.0,0.0,0.0,0.0
gaming,46,41.712104689203926,4.089422028353327,1.9083969465648853,3.8167938931297707,0.0,0.27262813522355506,0.0,0.0
gaming,47,55.81395348837209,1.0335917312661498,0.5167958656330749,1.0335917312661498,0.0,0.0,0.0,0.0
gaming,48,50.25347145690985,0.44081992506061274,1.763279700242451,0.44081992506061274,0.0,0.0,0.0,0.0
gaming,49,52.916799489958564,0.9563277016257571,1.593879502709595,0.9563277016257571,0.0,0.0,0.0,0.0
gaming,50,49.40813175501801,1.029336078229542,1.5440041173443129,0.2573340195573855,0.0,0.0,0.0,0.0
gaming,51,50.79365079365079,0.7936507936507936,1.984126984126984,1.984126984126984,0.0,0.0,0.0,0.0
gaming,52,46.23343032654381,0.0,3.556417717426447,2.2631749110895574,0.0,0.0,0.0,0.0
gaming,53,53.49276274386407,0.6293266205160478,3.1466331025802394,1.2586532410320956,0.0,0.0,0.0,0.0
gaming,54,50.249584026622294,2.995008319467554,1.663893510815308,0.6655574043261231,0.0,0.6655574043261231,0.0,0.0
gaming,55,46.01648351648352,0.45787545787545786,6.41025641025641,1.1446886446886448,0.0,0.0,0.0,0.0
gaming,56,46.391752577319586,4.123711340206186,2.8350515463917523,0.7731958762886597,0.0,0.2577319587628866,0.2577319587628866,0.0
gaming,57,44.51248233631654,1.1775788977861517,5.416862929816298,1.4130946773433821,0.23551577955723035,0.0,0.0,0.0
gaming,58,35.78290105667627,2.161383285302594,1.440922190201729,1.6810758885686838,0.24015369836695485,0.0,0.0,0.0
gaming,59,38.97338403041825,2.6140684410646386,2.376425855513308,2.376425855513308,0.0,0.0,0.0,0.0
gaming,60,44.3472829481574,1.561524047470331,1.8738288569643973,0.6246096189881324,0.0,0.0,0.3123048094940662,0.3123048094940662
gaming,61,41.24021673690548,1.2040939193257074,2.408187838651415,0.9030704394942806,0.0,0.0,0.0,0.0
gaming,62,45.910811255553725,2.139213427678131,1.974658548625967,0.1645548790521639,0.0,0.0,0.0,0.0
gaming,63,43.89948531637905,0.0,2.4220405691795337,2.4220405691795337,0.0,0.0,0.0,0.0
gaming,64,44.270833333333336,0.946969696969697,2.3674242424242427,2.840909090909091,0.23674242424242425,0.0,0.0,0.0
gaming,65,43.10344827586207,1.4992503748125936,3.373313343328336,1.1244377811094453,0.0,0.0,0.0,0.0
gaming,66,49.92435703479577,1.5128593040847202,7.060010085728694,0.0,0.0,0.0,0.0,0.0
gaming,67,46.374918354016984,0.9797517962116264,1.6329196603527107,1.6329196603527107,0.0,0.0,0.0,0.0
gaming,68,50.257222002374355,0.3957261574990107,7.914523149980214,1.9786307874950535,0.3957261574990107,0.0,0.0,0.0
gaming,69,43.61283061339336,1.1254924029262803,5.9088351153629715,3.9392234102419805,0.0,0.28137310073157007,0.0,0.0
gaming,70,44.78784704033526,2.6191723415400734,4.714510214772132,1.3095861707700367,0.0,0.0,0.0,0.26191723415400736
gaming,71,48.02052785923753,0.7331378299120235,2.1994134897360706,1.8328445747800588,0.0,0.0,0.0,0.0
gaming,72,36.9881109643329,1.6512549537648613,0.6605019815059445,0.9907529722589168,0.0,0.33025099075297226,0.0,0.0
gaming,73,47.64671702498547,0.0,3.1958163858221966,0.5810575246949448,0.0,0.0,0.0,0.0
gaming,74,46.38144742103159,0.0,11.595361855257897,3.198720511795282,0.0,0.0,0.0,0.0
politics,0,50.6546469199399,0.42927666881305,4.2927666881305,1.9317450096587252,0.42927666881305,0.0,0.0,0.0
politics,1,47.92398264821318,0.4131377814501136,2.065688907250568,1.4459822350753977,0.0,0.0,0.0,0.0
politics,2,44.726930320150664,0.23540489642184556,2.1186440677966103,0.9416195856873822,0.0,0.0,0.0,0.0
politics,3,43.92288348700754,1.341156747694887,4.526404023470244,1.173512154233026,0.0,0.3352891869237217,0.0,0.0
politics,4,51.470588235294116,0.6127450980392157,3.9828431372549016,1.838235294117647,0.0,0.0,0.0,0.0
politics,5,46.52754019842627,0.34211426616489904,5.473828258638385,2.0526855969893942,0.0,0.0,0.0,0.0
politics,6,43.04503786369071,0.7971303308090874,4.782781984854523,5.978477481068154,0.0,0.0,0.0,0.0
politics,7,39.38730853391685,1.3676148796498906,6.564551422319474,1.6411378555798686,0.2735229759299781,0.0,0.0,0.0
politics,8,44.00527009222662,0.26350461133069825,6.587615283267457,1.3175230566534915,0.0,0.0,0.0,0.0
politics,9,51.26682501979414,1.979414093428345,4.3547110055423595,0.19794140934283452,0.0,0.0,0.0,0.0
politics,10,47.02662353819358,1.7417267977108732,2.2393630256282657,2.2393630256282657,0.0,0.2488181139586962,0.0,0.2488181139586962
politics,11,43.99551066217733,0.0,2.244668911335578,1.3468013468013469,0.0,0.0,0.0,0.0
politics,12,44.59416105229387,0.9624639076034649,3.529034327879371,1.6041065126724414,0.0,0.0,0.0,0.0
politics,13,42.57095158597663,0.2782415136338342,3.33889816360601,0.5564830272676684,0.0,0.0,0.0,0.0
politics,14,45.843945357721694,0.9261403102570039,5.325306783977773,0.0,0.0,0.0,0.0,0.0
politics,15,47.30473047304731,0.22002200220022003,3.9603960396039604,1.9801980198019802,0.0,0.0,0.0,0.0
politics,16,39.30846223839855,0.18198362147406735,2.183803457688808,0.9099181073703367,0.18198362147406735,0.0,0.0,0.0
politics,17,45.13163393230255,0.0,3.343083994985374,0.8357709987463435,0.0,0.0,0.0,0.0
politics,18,43.87504387504387,0.702000702000702,4.212004212004212,0.702000702000702,0.0,0.0,0.0,0.0
politics,19,45.39502400698385,0.21824530772588388,3.491924923614142,2.6189436927106065,0.0,0.0,0.0,0.0
politics,20,48.717948717948715,0.2849002849002849,4.273504273504274,0.5698005698005698,0.0,0.0,0.0,0.0
politics,21,40.40404040404041,0.342407122068139,2.739256976545112,2.739256976545112,0.0,0.0,0.0,0.0
politics,22,48.08197582764057,0.5254860746190225,2.10194429847609,2.364687335785602,0.0,0.0,0.0,0.0
politics,23,50.716648291069454,0.8820286659316429,7.938257993384785,0.44101433296582143,0.0,0.0,0.0,0.0
politics,24,45.439302481556005,0.1676727028839705,5.365526492287056,1.1737089201877935,0.1676727028839705,0.0,0.0,0.0
politics,25,43.48766767633059,0.4327131112072696,2.3799221116399827,2.3799221116399827,0.0,0.0,0.0,0.0
politics,26,41.54561301568855,0.2905287623474724,3.486345148169669,1.7431725740848345,0.0,0.0,0.0,0.0
politics,27,42.77839029768467,1.7640573318632857,5.733186328555678,2.205071664829107,0.0,0.0,0.22050716648291072,0.0
politics,28,43.36171554714601,0.630715862503942,3.15357931251971,1.576789656259855,0.0,0.0,0.0,0.0
politics,29,43.318233295583234,0.0,3.9637599093997733,1.1325028312570782,0.0,0.0,0.0,0.0
politics,30,43.51629127487426,0.21867483052700634,3.4987972884321015,1.0933741526350316,0.0,0.0,0.0,0.0
politics,31,46.02109300095877,0.7190795781399808,1.1984659635666348,1.6778523489932886,0.0,0.0,0.0,0.0
politics,32,49.79901741849039,0.6699419383653417,3.573023671281822,2.009825815096025,0.2233139794551139,0.0,0.0,0.0
politics,33,48.80694143167028,0.4338394793926247,2.1691973969631237,0.4338394793926247,0.0,0.0,0.0,0.0
politics,34,42.23315013017067,0.2892681515765114,3.7604859704946487,0.8678044547295343,0.2892681515765114,0.0,0.0,0.0
politics,35,38.02008608321377,0.0,2.690100430416069,0.5380200860832137,0.0,0.0,0.0,0.0
politics,36,48.054919908466815,0.0,3.1464530892448512,0.28604118993135014,0.0,0.0,0.0,0.0
politics,37,45.44253632760898,0.5284015852047556,3.4346103038309117,1.8494055482166447,0.0,0.0,0.0,0.0
politics,38,47.775047775047774,0.819000819000819,3.822003822003822,0.273000273000273,0.0,0.0,0.0,0.0
politics,39,38.339502908514014,0.0,5.288207297726071,1.3220518244315178,0.0,0.0,0.0,0.0
politics,40,47.66241651487553,4.857316332726169,1.2143290831815423,1.5179113539769278,0.0,0.3035822707953856,0.0,0.0
politics,41,50.80831408775981,1.0264305876315114,3.849114703618168,1.539645881447267,0.0,0.0,0.0,0.0
politics,42,49.714477662075915,0.6718172657037286,3.359086328518643,1.6795431642593215,0.0,0.0,0.0,0.0
politics,43,44.72125791300796,0.20420665713702266,2.450479885644272,1.6336532570961813,0.0,0.0,0.0,0.0
politics,44,43.01433811270424,0.0,5.001667222407469,0.33344448149383127,0.33344448149383127,0.0,0.0,0.0
politics,45,44.293695131683954,1.1971268954509178,2.793296089385475,0.5985634477254589,0.0,0.0,0.0,0.0
politics,46,45.83053878828527,0.223563603845294,2.4591996422982336,1.788508830762352,0.0,0.0,0.0,0.0
politics,47,51.768137076193945,4.010207801676995,2.916514764855997,2.187386073641998,0.0,0.7291286912139993,0.0,0.0
politics,48,46.56985478217326,2.5037556334501754,4.256384576865298,1.00150225338007,0.0,0.500751126690035,0.500751126690035,0.2503755633450175
politics,49,39.950320844545644,0.827985924239288,2.06996481059822,2.6909542537776856,0.0,0.0,0.0,0.0
politics,50,44.36635185591918,0.4392708104546453,3.953437294091808,0.8785416209092906,0.0,0.0,0.0,0.0
politics,51,48.637461193515,0.34494653328734043,1.7247326664367024,2.069679199724043,0.0,0.0,0.0,0.0
politics,52,51.68912682296474,1.1076241462063872,3.1382684142514305,1.4768321949418497,0.0,0.0,0.0,0.0
politics,53,44.40366972477064,0.3669724770642202,7.339449541284404,2.9357798165137616,0.0,0.0,0.0,0.0
politics,54,46.553497942386834,1.5432098765432098,2.05761316872428,0.7716049382716049,0.0,0.257201646090535,0.0,0.0
politics,55,61.043285238623746,0.1849796522382538,6.289308176100629,1.8497965223825379,0.0,0.0,0.0,0.0
politics,56,49.96443812233286,0.3556187766714083,1.9559032716927454,0.5334281650071124,0.0,0.0,0.0,0.0
politics,57,50.45610034207525,1.4253135689851768,3.135689851767389,1.1402508551881414,0.0,0.0,0.0,0.0
politics,58,45.350435180943656,0.6871278057718735,2.2904260192395784,0.9161704076958315,0.0,0.0,0.0,0.0
politics,59,46.13095238095239,4.6768707482993195,7.653061224489796,4.6768707482993195,0.0,0.8503401360544217,0.0,0.0
politics,60,47.45042492917847,1.1803588290840414,2.8328611898017,0.9442870632672333,0.0,0.0,0.0,0.0
politics,61,42.83216783216783,0.5244755244755245,3.8461538461538463,2.447552447552448,0.0,0.0,0.0,0.0
politics,62,47.22106142916841,1.253656498119515,1.253656498119515,0.8357709987463435,0.0,0.20894274968658588,0.0,0.0
politics,63,45.64193168433451,0.8833922261484098,4.7114252061248525,1.1778563015312131,0.5889281507656066,0.0,0.0,0.0
politics,64,38.026944806605826,0.434593654932638,2.824858757062147,0.869187309865276,0.0,0.0,0.0,0.0
politics,65,44.128113879003564,1.1862396204033216,3.0842230130486357,0.9489916963226571,0.0,0.0,0.0,0.0
politics,66,40.86591561740667,0.2208968411751712,2.4298652529268834,1.5462778882261983,0.0,0.0,0.0,0.0
politics,67,45.48088064889919,0.5793742757821553,4.345307068366165,0.5793742757821553,0.0,0.0,0.0,0.0
politics,68,49.70008568980291,0.8568980291345331,2.1422450728363325,0.8568980291345331,0.0,0.0,0.0,0.0
politics,69,42.128603104212864,0.7390983000739099,2.2172949002217295,0.7390983000739099,0.0,0.0,0.0,0.0
politics,70,48.62878145320893,0.5654509471303364,3.675431156347187,1.413627367825841,0.2827254735651682,0.0,0.0,0.0
politics,71,44.367693942614245,0.0,1.328374070138151,0.7970244420828905,0.0,0.0,0.0,0.0
politics,72,50.263729444616814,0.930809804529941,1.5513496742165684,0.6205398696866273,0.0,0.0,0.0,0.0
politics,73,46.454304133485024,0.7584376185058779,4.171406901782328,0.9480470231323473,0.0,0.0,0.0,0.0
politics,74,42.75092936802974,1.6728624535315986,4.089219330855019,1.6728624535315986,0.0,0.0,0.0,0.0
atheism,0,45.6578456951174,1.1181513231457323,6.149832277301528,2.7953783078643313,0.37271710771524413,0.0,0.0,0.0
atheism,1,47.055730809674024,0.2628811777076761,5.520504731861199,1.5772870662460567,0.0,0.0,0.0,0.0
atheism,2,46.42296479031173,0.8970621215519176,4.7095761381475665,2.691186364655753,0.0,0.0,0.0,0.0
atheism,3,50.18726591760299,0.7490636704119851,3.370786516853933,0.7490636704119851,0.0,0.0,0.0,0.0
atheism,4,46.176762661370404,0.24826216484607744,4.96524329692155,0.4965243296921549,0.0,0.0,0.0,0.0
atheism,5,52.2983114446529,0.7035647279549718,3.5178236397748592,0.9380863039399625,0.0,0.0,0.0,0.0
atheism,6,49.34937392585318,1.9641541861036091,2.4551927326295115,1.2275963663147558,0.0,0.0,0.0,0.0
atheism,7,51.239669421487605,0.9917355371900827,5.289256198347108,2.975206611570248,0.0,0.0,0.0,0.0
atheism,8,43.17386231038507,0.5834305717619602,2.528199144301828,0.38895371450797356,0.0,0.0,0.0,0.0
atheism,9,48.76809753619507,0.254000508001016,3.5560071120142243,3.8100076200152397,0.0,0.0,0.0,0.0
atheism,10,49.320583794665325,1.2581781580271767,3.019627579265224,0.5032712632108707,0.0,0.0,0.0,0.0
atheism,11,40.094339622641506,1.4150943396226414,2.1226415094339623,1.650943396226415,0.0,0.0,0.0,0.0
atheism,12,47.43411927877948,1.1095700416088765,3.32871012482663,2.219140083217753,0.0,0.0,0.0,0.0
atheism,13,42.28501727993495,1.829640170766416,3.659280341532832,0.6098800569221386,0.0,0.0,0.0,0.0
atheism,14,42.76457883369331,0.8639308855291576,1.511879049676026,2.1598272138228944,0.0,0.0,0.0,0.0
atheism,15,45.79207920792079,0.0,6.188118811881188,0.9282178217821782,0.0,0.0,0.0,0.0
atheism,16,42.98941798941799,1.1022927689594355,4.62962962962963,1.3227513227513228,0.0,0.0,0.0,0.0
atheism,17,52.75895450145208,0.2420135527589545,3.6302032913843174,1.2100677637947725,0.0,0.0,0.0,0.0
atheism,18,41.935483870967744,2.2332506203473947,2.2332506203473947,3.970223325062035,0.0,0.24813895781637718,0.0,0.0
atheism,19,41.381278538812786,3.139269406392694,4.851598173515981,0.28538812785388123,0.0,0.0,0.0,0.0
atheism,20,42.14711729622266,0.9940357852882703,4.174950298210736,1.3916500994035785,0.0,0.0,0.0,0.0
atheism,21,46.32693580410324,1.654533421575116,5.625413633355393,1.985440105890139,0.0,0.3309066843150232,0.0,0.0
atheism,22,44.435857805255026,0.3863987635239567,7.341576506955177,3.8639876352395675,0.0,0.0,0.0,0.0
atheism,23,46.240074731433914,1.1676786548341895,5.838393274170948,0.7006071929005139,0.0,0.0,0.0,0.0
atheism,24,46.00987782687808,0.5198856251624642,2.3394853132310893,1.819599688068625,0.0,0.0,0.0,0.0
atheism,25,45.837231057062674,1.403180542563143,5.378858746492049,1.8709073900841908,0.23386342376052385,0.0,0.0,0.0
atheism,26,45.150140419097,1.512205659969756,2.3763231799524736,0.43205875999135884,0.0,0.0,0.0,0.0
atheism,27,48.05583250249252,1.9940179461615153,6.779661016949152,0.9970089730807576,0.0,0.0,0.0,0.0
atheism,28,48.93617021276596,0.7092198581560284,1.7730496453900708,3.1914893617021276,0.0,0.0,0.0,0.0
atheism,29,47.4808757583751,0.2637826431020839,2.374043787918755,1.5826958586125033,0.0,0.0,0.0,0.0
atheism,30,42.574759249873296,0.5068423720223011,1.7739483020780538,1.0136847440446022,0.0,0.0,0.0,0.0
atheism,31,37.344398340248965,0.6551648831622625,5.022930770910679,3.0574361214238914,0.21838829438742083,0.0,0.0,0.0
atheism,32,46.13583138173302,1.17096018735363,4.215456674473068,0.468384074941452,0.0,0.0,0.0,0.0
atheism,33,41.844577284372335,0.8539709649871904,2.277255906632508,0.569313976658127,0.0,0.0,0.0,0.0
atheism,34,45.93070104754231,0.5372011818426,6.446414182111201,3.4918076819769004,0.0,0.0,0.0,0.0
atheism,35,48.91470498318557,1.2228676245796393,3.0571690614490983,0.3057169061449098,0.0,0.0,0.0,0.0
atheism,36,46.193643754619366,1.1086474501108647,2.9563932002956395,0.7390983000739099,0.0,0.0,0.0,0.0
atheism,37,47.11735440444834,3.8045068773778166,2.048580626280363,4.097161252560726,0.0,0.0,0.0,0.0
atheism,38,42.329279700654816,1.637043966323667,6.3143124415341445,2.104770813844715,0.0,0.0,0.0,0.0
atheism,39,43.52987732489118,0.7914523149980214,3.957261574990107,2.1764938662445585,0.0,0.0,0.0,0.0
atheism,40,48.58900912370041,0.6365372374283895,2.333969870570762,4.455760661998728,0.0,0.0,0.0,0.0
atheism,41,53.946530872056016,0.31826861871419476,4.2966263526416295,1.591343093570974,0.0,0.0,0.0,0.0
atheism,42,48.24830977258759,0.9219422249539029,5.2243392747387825,3.380454824830977,0.0,0.0,0.0,0.0
atheism,43,45.53950722175021,1.1894647408666101,5.9473237043330505,0.5097706032285472,0.0,0.0,0.0,0.0
atheism,44,56.1696368147981,0.9023234829686443,1.1279043537108053,1.3534852244529665,0.0,0.0,0.0,0.0
atheism,45,49.42965779467681,2.376425855513308,7.129277566539924,2.8517110266159698,0.2376425855513308,0.0,0.0,0.0
atheism,46,44.64078121367124,0.6975122064636131,5.580097651708905,3.72006510113927,0.0,0.0,0.0,0.0
atheism,47,49.987867022567336,0.9706381946129581,2.6692550351856346,3.1545741324921135,0.0,0.0,0.0,0.0
atheism,48,44.13507109004739,0.5924170616113744,6.812796208530806,0.8886255924170615,0.2962085308056872,0.0,0.0,0.0
atheism,49,50.5398575694923,0.45945325063174824,4.824259131633356,0.45945325063174824,0.0,0.0,0.0,0.0
atheism,50,46.64224664224664,0.4884004884004884,7.0818070818070815,1.221001221001221,0.0,0.0,0.0,0.0
atheism,51,48.28532235939643,1.0973936899862826,2.4691358024691357,2.1947873799725652,0.27434842249657065,0.0,0.0,0.0
atheism,52,49.38552571688666,0.0,6.372325898953117,1.1379153390987709,0.0,0.0,0.0,0.0
atheism,53,41.16586538461539,1.8028846153846154,4.507211538461538,1.201923076923077,0.0,0.0,0.0,0.0
atheism,54,43.41999463950683,2.412221924417046,3.75234521575985,1.0720986330742428,0.0,0.0,0.0,0.0
atheism,55,50.56009688162277,1.2110202845897668,3.9358159249167426,1.8165304268846503,0.0,0.0,0.0,0.0
atheism,56,50.67178502879079,0.3838771593090211,2.3032629558541267,1.5355086372360844,0.0,0.0,0.0,0.0
atheism,57,43.74337221633086,0.0,3.711558854718982,0.5302226935312832,0.0,0.0,0.0,0.0
atheism,58,44.851904090267986,0.2820874471086037,2.538787023977433,0.846262341325811,0.0,0.0,0.0,0.0
atheism,59,46.48280136349551,0.6197706848466068,4.3383947939262475,1.2395413696932136,0.0,0.0,0.0,0.0
atheism,60,59.770114942528735,1.6420361247947455,5.582922824302135,1.3136288998357963,0.0,0.0,0.0,0.0
atheism,61,42.65402843601896,0.31595576619273297,5.0552922590837275,2.5276461295418637,0.0,0.0,0.0,0.0
atheism,62,48.17380352644837,1.2594458438287153,2.8337531486146093,3.463476070528967,0.0,0.0,0.0,0.0
atheism,63,46.878855169010606,0.2467308166790032,2.9607698001480385,0.4934616333580064,0.0,0.0,0.0,0.0
atheism,64,45.627376425855516,0.5431830526887561,2.1727322107550244,2.7159152634437804,0.0,0.0,0.0,0.0
atheism,65,51.841473178542834,0.4003202562049639,2.00160128102482,0.4003202562049639,0.0,0.0,0.0,0.0
atheism,66,42.39459585371535,0.23293733985557885,3.028185418122525,0.4658746797111577,0.0,0.0,0.0,0.0
atheism,67,45.76708207993124,1.289213579716373,4.941985388912763,1.289213579716373,0.0,0.21486892995272883,0.0,0.0
atheism,68,46.25346901017576,6.706753006475485,1.1563367252543941,2.0814061054579094,0.23126734505087881,0.46253469010175763,0.0,0.0
atheism,69,49.257232212666146,0.7818608287724785,2.7365129007036746,2.7365129007036746,0.0,0.0,0.0,0.0
atheism,70,51.85391692221913,0.8363534987454698,3.9029829941455256,0.0,0.0,0.0,0.0,0.0
atheism,71,51.295472389426855,0.7851347814708192,2.093692750588851,4.449097095001309,0.0,0.0,0.0,0.0
atheism,72,37.98561151079137,0.5755395683453237,5.179856115107913,3.7410071942446046,0.5755395683453237,0.0,0.0,0.0
atheism,73,40.526587506453275,2.5813113061435207,2.839442436757873,2.323180175529169,0.0,0.2581311306143521,0.0,0.0
atheism,74,44.415127528583994,1.3192612137203166,3.0782761653474053,0.8795074758135445,0.0,0.0,0.0,0.0
todayilearned,0,46.0939838371745,0.8979347500748278,3.5917390002993113,0.598623166716552,0.0,0.0,0.0,0.0
todayilearned,1,43.89446649544711,1.634368433341116,3.0352556619192153,3.0352556619192153,0.0,0.0,0.0,0.0
todayilearned,2,40.73587385019711,1.314060446780552,2.3653088042049935,1.8396846254927726,0.0,0.0,0.0,0.0
todayilearned,3,36.317567567567565,4.222972972972973,3.096846846846847,0.8445945945945946,0.0,0.8445945945945946,0.0,0.0
todayilearned,4,41.623578076525334,0.5170630816959669,0.7755946225439503,0.25853154084798347,0.0,0.0,0.0,0.0
todayilearned,5,48.61348853132489,0.0,1.7117425539198905,1.0270455323519343,0.0,0.0,0.0,0.0
todayilearned,6,58.61601085481682,4.613297150610584,2.985074626865672,2.985074626865672,0.271370420624152,1.085481682496608,0.0,0.0
todayilearned,7,47.290640394088676,0.0,3.940886699507389,2.2988505747126435,0.6568144499178982,0.0,0.0,0.0
todayilearned,8,41.25508425334108,1.1621150493898895,5.229517722254503,3.7768739105171414,0.5810575246949448,0.0,0.0,0.0
todayilearned,9,43.295108822841094,0.2340276152586005,3.5104142288790077,0.7020828457758015,0.0,0.0,0.0,0.0
todayilearned,10,42.455381287182256,0.2704164413196323,1.6224986479177934,1.3520822065981613,0.0,0.0,0.0,0.0
todayilearned,11,49.376431662000506,0.7635530669381522,2.545176889793841,0.2545176889793841,0.0,0.0,0.0,0.0
todayilearned,12,46.071774975751694,0.48496605237633367,2.1823472356935016,0.7274490785645005,0.0,0.0,0.0,0.0
todayilearned,13,45.12703830109974,0.37921880925293894,3.4129692832764507,0.37921880925293894,0.0,0.0,0.0,0.0
todayilearned,14,43.08859014133058,0.6894174422612892,5.515339538090314,1.0341261633919339,0.0,0.0,0.0,0.0
todayilearned,15,48.758600059826506,1.1965300628178284,4.486987735566856,0.5982650314089142,0.0,0.0,0.0,0.0
todayilearned,16,47.382198952879584,0.5235602094240839,3.6649214659685865,2.8795811518324608,0.0,0.0,0.0,0.0
todayilearned,17,46.794475365903935,0.6184291898577613,2.886002886002886,1.0307153164296021,0.0,0.0,0.0,0.0
todayilearned,18,40.72861236185019,0.8186655751125665,3.0699959066721245,0.6139991813344249,0.20466639377814164,0.0,0.0,0.0
todayilearned,19,51.3663967611336,0.7591093117408907,2.0242914979757085,0.7591093117408907,0.0,0.0,0.0,0.0
todayilearned,20,46.31956912028725,0.0,1.436265709156194,0.3590664272890485,0.0,0.0,0.0,0.0
todayilearned,21,38.884524744697565,0.9819324430479183,5.302435192458758,1.9638648860958365,0.0,0.1963864886095837,0.0,0.0
todayilearned,22,49.119756574657686,1.9560965007607043,6.302977613562269,0.4346881112801565,0.0,0.0,0.0,0.21734405564007825
todayilearned,23,46.53902798232695,1.1782032400589102,0.8836524300441826,0.5891016200294551,0.0,0.0,0.0,0.0
todayilearned,24,49.25975773889637,0.8075370121130553,1.6150740242261106,1.3458950201884252,0.0,0.0,0.0,0.0
todayilearned,25,51.19047619047619,0.0,3.968253968253968,1.1904761904761907,0.0,0.0,0.0,0.0
todayilearned,26,48.674051695199736,1.342732460557234,3.6925142665323936,2.014098690835851,0.0,0.0,0.0,0.0
todayilearned,27,47.850770478507705,1.0813733441470668,2.1627466882941335,0.5406866720735334,0.0,0.0,0.0,0.0
todayilearned,28,52.84204512996287,0.5712653527563554,1.9994287346472437,3.141959440159954,0.0,0.0,0.0,0.0
todayilearned,29,40.76086956521739,0.0,3.321256038647343,0.6038647342995169,0.0,0.0,0.0,0.0
todayilearned,30,46.764894298526585,1.9218449711723256,0.9609224855861628,0.6406149903907751,0.0,0.0,0.0,0.0
todayilearned,31,47.922353654837735,2.72975432211101,2.1231422505307855,1.213224143160449,0.0,0.3033060357901122,0.0,0.0
todayilearned,32,48.296216796350954,0.26831231553528306,1.6098738932116983,1.0732492621411323,0.0,0.0,0.0,0.0
todayilearned,33,50.05055611729019,0.2527805864509606,1.769464105156724,0.2527805864509606,0.0,0.0,0.0,0.0
todayilearned,34,42.01400466822274,0.33344448149383127,4.668222740913638,2.000666888962988,0.0,0.0,0.0,0.0
todayilearned,35,49.92343032159265,1.225114854517611,1.5313935681470139,0.0,0.0,0.0,0.0,0.0
todayilearned,36,45.46850998463902,0.30721966205837176,4.608294930875576,0.0,0.0,0.0,0.0,0.0
todayilearned,37,49.83630411058567,1.4550745725718444,2.9101491451436887,0.0,0.0,0.0,0.0,0.0
todayilearned,38,41.02067183462532,1.614987080103359,2.9069767441860463,2.2609819121447026,0.0,0.0,0.0,0.0
todayilearned,39,54.58596360935759,1.856665428889714,4.084663943557371,3.3419977720014855,0.0,0.0,0.0,0.0
todayilearned,40,38.70292887029289,2.7894002789400276,3.1380753138075312,2.092050209205021,0.0,0.0,0.0,0.0
todayilearned,41,45.06858262573481,1.3063357282821686,2.939255388634879,0.9797517962116264,0.0,0.32658393207054215,0.0,0.0
todayilearned,42,50.34550839091806,0.9871668311944718,4.935834155972359,2.303389272787101,0.0,0.0,0.0,0.0
todayilearned,43,40.87193460490463,0.5449591280653951,4.632152588555858,0.5449591280653951,0.0,0.0,0.0,0.0
todayilearned,44,55.445544554455445,1.6973125884016973,3.6775106082036775,1.6973125884016973,0.0,0.0,0.0,0.0
todayilearned,45,47.24702380952381,1.488095238095238,1.8601190476190474,0.0,0.0,0.3720238095238095,0.0,0.0
todayilearned,46,51.22950819672131,1.0245901639344264,1.0245901639344264,3.4153005464480874,0.0,0.0,0.0,0.0
todayilearned,47,41.05423213380639,2.534211860111505,1.2671059300557526,2.0273694880892044,0.0,0.7602635580334517,0.0,0.0
todayilearned,48,49.928673323823105,0.0,2.8530670470756063,0.855920114122682,0.0,0.0,0.0,0.0
todayilearned,49,40.20752269779508,0.0,4.539559014267186,0.324254215304799,0.0,0.0,0.0,0.0
todayilearned,50,43.08300395256917,0.3952569169960474,1.1857707509881423,2.766798418972332,0.0,0.0,0.0,0.0
todayilearned,51,45.69311515899969,0.9262117937635072,0.7718431614695893,0.6174745291756715,0.0,0.0,0.0,0.0
todayilearned,52,47.975352112676056,0.8802816901408451,0.8802816901408451,1.3204225352112675,0.0,0.0,0.0,0.0
todayilearned,53,46.4,0.0,2.4,2.8,0.0,0.0,0.0,0.0
todayilearned,54,58.67620751341682,0.7155635062611807,2.5044722719141324,2.862254025044723,0.0,0.0,0.0,0.0
todayilearned,55,45.97701149425287,0.26123301985370956,2.0898641588296765,1.8286311389759666,0.0,0.0,0.0,0.0
todayilearned,56,60.5833956619297,0.3739715781600598,2.9917726252804786,1.4958863126402393,0.0,0.0,0.0,0.0
todayilearned,57,45.26901669758813,1.1131725417439704,1.8552875695732838,2.226345083487941,0.0,0.0,0.0,0.0
todayilearned,58,45.655783065855005,1.936912008854455,6.3641394576646375,1.6602102933038185,0.2767017155506364,0.2767017155506364,0.0,0.0
todayilearned,59,51.04501607717042,0.40192926045016075,2.0096463022508035,0.8038585209003215,0.0,0.0,0.0,0.0
todayilearned,60,47.1480382459611,2.30794592812397,4.286185295087373,0.3297065611605671,0.0,0.0,0.0,0.0
todayilearned,61,38.8748419721871,0.6321112515802781,0.6321112515802781,1.8963337547408343,0.0,0.0,0.0,0.0
todayilearned,62,47.92746113989637,3.238341968911917,1.9430051813471503,1.2953367875647668,0.0,0.6476683937823834,0.0,0.0
todayilearned,63,42.77041942604857,1.3796909492273732,6.070640176600441,1.6556291390728477,0.0,0.0,0.0,0.0
todayilearned,64,41.65762638316338,0.8678672163159037,3.0375352571056626,0.6509004122369278,0.0,0.0,0.0,0.0
todayilearned,65,47.066622472654956,0.0,2.9830957905203848,1.325820351342393,0.0,0.0,0.0,0.0
todayilearned,66,49.15560916767189,0.6031363088057901,3.0156815440289506,0.0,0.0,0.0,0.0,0.0
todayilearned,67,41.619025840384175,2.0580836954036132,3.201463526183398,0.686027898467871,0.0,0.0,0.0,0.0
todayilearned,68,52.880601168939606,1.6699137211244086,1.6699137211244086,2.5048705816866126,0.0,0.0,0.0,0.0
todayilearned,69,44.07443682664055,2.285341168788769,0.32647730982696704,1.3059092393078682,0.0,0.6529546196539341,0.0,0.0
todayilearned,70,47.88011695906433,0.36549707602339176,4.02046783625731,2.5584795321637426,0.0,0.0,0.0,0.0
todayilearned,71,42.70564631699628,0.2866150759529951,1.1464603038119805,1.1464603038119805,0.0,0.0,0.0,0.0
todayilearned,72,45.04773269689737,0.0,2.088305489260143,1.7899761336515514,0.0,0.0,0.0,0.0
todayilearned,73,43.331076506431955,1.3540961408259986,6.7704807041299935,0.6770480704129993,0.0,0.0,0.0,0.0
todayilearned,74,51.903114186851205,2.201950298836112,2.8310789556464293,0.9436929852154766,0.0,0.6291286568103177,0.0,0.0
explainlikeimfive,0,45.90163934426229,4.610655737704918,3.3811475409836067,1.331967213114754,0.0,0.0,0.0,0.0
explainlikeimfive,1,46.78592490662473,1.1794770984863376,2.162374680558286,0.7863180656575586,0.0,0.0,0.0,0.0
explainlikeimfive,2,47.9014598540146,0.30413625304136255,2.4330900243309004,1.3686131386861315,0.0,0.0,0.0,0.0
explainlikeimfive,3,55.88503649635036,0.2281021897810219,2.509124087591241,0.9124087591240876,0.0,0.0,0.0,0.0
explainlikeimfive,4,44.145873320537426,0.0,2.399232245681382,0.9596928982725528,0.0,0.0,0.0,0.0
explainlikeimfive,5,50.72266157622035,0.2727024815925825,1.3635124079629124,0.2727024815925825,0.0,0.0,0.0,0.0
explainlikeimfive,6,43.84485666104553,0.5621135469364812,3.653738055087128,1.6863406408094435,0.0,0.0,0.0,0.0
explainlikeimfive,7,48.594847775175644,1.95160031225605,1.366120218579235,1.366120218579235,0.0,0.0,0.0,0.0
explainlikeimfive,8,44.994617868675995,0.6458557588805167,1.0764262648008611,0.0,0.0,0.0,0.0,0.0
explainlikeimfive,9,45.33029612756264,1.1389521640091116,1.366742596810934,3.416856492027335,0.0,0.0,0.0,0.0
explainlikeimfive,10,48.45019560637977,1.2037315678603673,1.5046644598254588,1.5046644598254588,0.0,0.3009328919650918,0.0,0.0
explainlikeimfive,11,46.75081813931744,2.337540906965872,1.6362786348761102,2.1037868162692845,0.0,0.0,0.0,0.0
explainlikeimfive,12,48.387096774193544,1.0080645161290323,2.772177419354839,0.25201612903225806,0.0,0.0,0.0,0.0
explainlikeimfive,13,52.533222591362126,0.8305647840531561,0.8305647840531561,0.8305647840531561,0.0,0.20764119601328904,0.0,0.0
explainlikeimfive,14,47.26261762189906,0.6415739948674081,1.4970059880239521,0.8554319931565441,0.0,0.0,0.0,0.0
explainlikeimfive,15,50.521395181589355,1.7979144192736425,1.6181229773462784,0.5393743257820928,0.0,0.17979144192736424,0.0,0.0
explainlikeimfive,16,45.47915538711424,0.2707092582566324,1.6242555495397943,0.2707092582566324,0.0,0.0,0.0,0.0
explainlikeimfive,17,46.59782896478687,0.2647603918453799,2.6476039184537994,0.5295207836907598,0.0,0.0,0.0,0.0
explainlikeimfive,18,47.019867549668874,0.9933774834437086,3.6423841059602653,1.6556291390728477,0.0,0.0,0.0,0.0
explainlikeimfive,19,43.46694429984383,1.5616866215512752,1.5616866215512752,0.0,0.0,0.0,0.0,0.0
explainlikeimfive,20,39.03903903903904,0.7507507507507507,1.2012012012012012,3.303303303303303,0.15015015015015015,0.15015015015015015,0.0,0.0
explainlikeimfive,21,53.897550111358576,1.55902004454343,1.55902004454343,0.44543429844098,0.0,0.0,0.0,0.0
explainlikeimfive,22,48.932038834951456,0.5825242718446603,0.5825242718446603,1.7475728155339807,0.0,0.0,0.0,0.0
explainlikeimfive,23,44.502617801047116,1.3089005235602096,0.981675392670157,1.6361256544502618,0.0,0.0,0.0,0.0
explainlikeimfive,24,42.30317273795535,0.7050528789659225,1.410105757931845,0.0,0.0,0.0,0.0,0.0
explainlikeimfive,25,39.03381642512077,0.5797101449275363,2.318840579710145,1.5458937198067633,0.1932367149758454,0.0,0.0,0.0
explainlikeimfive,26,50.14378145219267,2.695902228612509,0.8986340762041697,1.0783608914450036,0.0,0.17972681524083395,0.0,0.0
explainlikeimfive,27,44.435931813828766,1.7238076996743918,2.1068760773798125,0.957670944263551,0.0,0.0,0.0,0.0
explainlikeimfive,28,45.535714285714285,2.6785714285714284,1.25,1.0714285714285714,0.0,0.5357142857142857,0.0,0.0
explainlikeimfive,29,47.51686082158185,0.6131207847946045,1.8393623543838136,0.6131207847946045,0.0,0.0,0.0,0.0
explainlikeimfive,30,48.179396092362346,1.1101243339253997,0.6660746003552398,0.44404973357015987,0.0,0.0,0.0,0.0
explainlikeimfive,31,48.13773717498243,1.4054813773717498,1.0541110330288124,2.8109627547434997,0.0,0.35137034434293746,0.0,0.0
explainlikeimfive,32,48.006509357200976,0.5424464334147003,1.6273393002441008,0.5424464334147003,0.0,0.0,0.0,0.0
explainlikeimfive,33,57.02829137892627,1.782134105591446,1.3366005791935842,0.0,0.0,0.22276676319893074,0.0,0.0
explainlikeimfive,34,45.616669795382016,0.3754458419373006,1.5017833677492023,0.3754458419373006,0.0,0.0,0.0,0.0
explainlikeimfive,35,47.31328151402501,0.3379520108144643,0.3379520108144643,1.0138560324433932,0.0,0.0,0.0,0.0
explainlikeimfive,36,46.43714971977582,0.5337603416066187,2.9356818788364025,1.0675206832132373,0.0,0.0,0.0,0.0
explainlikeimfive,37,41.333333333333336,0.8,4.0,1.0666666666666667,0.0,0.0,0.0,0.0
explainlikeimfive,38,49.520153550863725,1.5355086372360844,0.5758157389635317,1.5355086372360844,0.0,0.0,0.0,0.0
explainlikeimfive,39,51.724137931034484,1.7491254372813594,0.49975012493753124,0.24987506246876562,0.0,0.0,0.0,0.0
explainlikeimfive,40,46.94195559018309,0.19477989871445267,1.168679392286716,0.7791195948578107,0.0,0.0,0.0,0.0
explainlikeimfive,41,42.32520760782213,0.8036431824270024,3.750334851326011,0.8036431824270024,0.0,0.0,0.0,0.0
explainlikeimfive,42,47.30434782608696,0.3478260869565218,1.7391304347826089,1.7391304347826089,0.0,0.0,0.0,0.0
explainlikeimfive,43,53.324968632371395,0.9410288582183187,1.411543287327478,0.7841907151819323,0.0,0.0,0.0,0.0
explainlikeimfive,44,50.72463768115942,0.5367686527106817,1.878690284487386,0.8051529790660226,0.0,0.0,0.0,0.0
explainlikeimfive,45,49.71528690319755,0.0,1.314060446780552,1.0950503723171265,0.0,0.0,0.0,0.0
explainlikeimfive,46,53.472376303527845,0.4437541601952518,0.8875083203905036,2.440647881073885,0.0,0.0,0.0,0.0
explainlikeimfive,47,41.04558219917909,0.21602937999567942,0.8641175199827177,1.080146899978397,0.0,0.0,0.0,0.0
explainlikeimfive,48,49.4944119212347,0.0,0.532197977647685,0.2660989888238425,0.0,0.0,0.0,0.0
explainlikeimfive,49,50.17921146953405,1.0240655401945724,5.888376856118792,0.5120327700972862,0.0,0.0,0.0,0.0
explainlikeimfive,50,50.27037852994192,0.4005607850991388,1.6022431403965551,0.8011215701982776,0.0,0.0,0.0,0.0
explainlikeimfive,51,53.4311157674175,2.357255107386066,3.1430068098480883,0.5238344683080147,0.0,0.0,0.0,0.0
explainlikeimfive,52,48.379174852652255,0.49115913555992136,1.2278978388998034,0.24557956777996068,0.0,0.0,0.0,0.0
explainlikeimfive,53,44.97232472324723,0.6918819188191881,0.6918819188191881,1.8450184501845017,0.0,0.0,0.0,0.0
explainlikeimfive,54,48.702101359703335,0.4944375772558715,2.9666254635352285,2.472187886279357,0.0,0.0,0.0,0.0
explainlikeimfive,55,50.42284984841232,0.31913196106590075,2.2339237274613053,2.553055688527206,0.0,0.0,0.0,0.0
explainlikeimfive,56,39.72153972153973,1.0237510237510237,2.6617526617526615,1.0237510237510237,0.0,0.20475020475020475,0.0,0.0
explainlikeimfive,57,49.224054316197865,1.2124151309408342,0.48496605237633367,0.7274490785645005,0.0,0.24248302618816683,0.0,0.0
explainlikeimfive,58,42.95774647887324,0.7042253521126761,2.8169014084507045,0.528169014084507,0.0,0.0,0.0,0.0
explainlikeimfive,59,43.58552631578947,0.5482456140350876,0.5482456140350876,0.2741228070175438,0.0,0.0,0.0,0.0
explainlikeimfive,60,45.055452865064694,0.23105360443622922,1.3863216266173752,0.23105360443622922,0.0,0.0,0.0,0.0
explainlikeimfive,61,45.74162679425837,0.0,2.488038277511962,0.3827751196172249,0.0,0.0,0.0,0.0
explainlikeimfive,62,48.57621440536013,2.4364245469773107,4.111466423024212,1.5227653418608194,0.15227653418608192,0.15227653418608192,0.0,0.0
explainlikeimfive,63,46.90402476780186,0.30959752321981426,0.6191950464396285,0.46439628482972134,0.0,0.0,0.0,0.0
explainlikeimfive,64,50.97906819716408,0.0,1.012829169480081,0.337609723160027,0.0,0.0,0.0,0.0
explainlikeimfive,65,50.965250965250966,0.0,3.088803088803089,0.0,0.0,0.0,0.0,0.0
explainlikeimfive,66,54.32344879142786,1.4951407924246198,0.24919013207077,1.74433092449539,0.0,0.24919013207077,0.0,0.0
explainlikeimfive,67,53.90023434884499,1.004352192835621,2.343488449949782,0.6695681285570807,0.0,0.0,0.0,0.0
explainlikeimfive,68,49.15301305193002,2.2216051096917524,1.3885031935573453,2.4993057484032213,0.0,0.0,0.0,0.0
explainlikeimfive,69,46.52765810787523,0.5169739789763915,4.480441151128726,0.5169739789763915,0.0,0.0,0.0,0.0
explainlikeimfive,70,48.1022172115746,0.18789928598271327,2.0668921458098457,0.0,0.0,0.0,0.0,0.0
explainlikeimfive,71,50.922213311948674,0.40096230954290296,0.8019246190858059,0.8019246190858059,0.0,0.0,0.0,0.0
explainlikeimfive,72,47.55892255892256,1.2626262626262628,1.2626262626262628,1.2626262626262628,0.0,0.0,0.0,0.0
explainlikeimfive,73,47.3530840213696,0.7285089849441476,1.4570179698882952,1.2141816415735793,0.0,0.0,0.0,0.0
explainlikeimfive,74,42.395954881369114,0.9723842862699338,1.750291715285881,0.19447685725398678,0.0,0.0,0.0,0.0
